1	5000
1	1288
2	3
3	321
4	5
5	6
5	2598
5	4421
6	7
7	8
7	3766
8	3457
9	4478
9	236
10	11
10	1855
10	2495
11	12
12	13
13	14
14	15
15	1555
16	17
17	4735
18	19
19	20
19	2030
20	21
21	22
22	4742
23	1765
24	2632
25	2693
25	3241
26	27
26	1220
27	1739
28	777
29	30
30	31
31	32
32	33
32	107
33	34
33	976
34	3881
35	4234
36	37
37	38
38	4258
38	4702
39	40
39	2763
40	41
41	42
41	2908
42	1003
43	4335
44	1007
45	46
45	3247
46	1034
47	48
48	49
49	173
50	51
51	4748
51	3570
52	53
53	2512
54	55
55	56
56	57
57	1427
57	1009
57	4014
58	1531
59	1116
59	852
60	2968
60	3736
61	4374
61	85
62	389
62	2236
63	113
64	2197
65	66
65	696
66	67
67	246
67	2479
68	69
69	70
70	71
71	4552
72	3877
73	2085
74	75
75	3860
76	3842
76	3184
77	78
77	363
77	1110
78	79
78	1366
78	1712
79	954
79	2658
80	3070
81	82
81	2369
82	83
83	932
83	2334
83	4627
84	85
85	4154
86	3584
86	3102
87	2068
87	3052
88	2798
89	90
89	3005
90	2497
91	92
91	3759
91	3983
92	3308
93	1410
93	4658
94	120
94	1569
95	96
95	1708
96	97
96	4114
97	2661
98	3380
99	2734
100	2762
100	4480
101	102
101	2648
102	103
102	1104
103	1710
103	3524
104	3173
104	1233
105	106
106	4394
106	4121
108	3059
109	2186
110	111
111	112
112	1559
113	3880
114	4430
114	3196
115	116
116	117
116	3114
117	118
118	119
118	1981
118	4544
119	1891
120	1992
121	122
121	1895
121	2573
122	123
123	3858
124	4609
125	664
125	1940
126	4447
127	128
127	3593
128	4068
129	2037
129	398
129	1529
130	492
131	1528
132	133
133	957
134	135
135	1759
136	137
137	3952
137	3806
138	139
138	1857
139	140
139	3594
140	141
141	2913
142	143
143	2310
144	4285
145	928
146	3645
147	3590
148	309
148	369
149	1899
149	691
150	3344
150	1002
151	152
152	1975
153	2719
153	2200
154	155
155	1257
156	157
157	3736
158	159
159	160
160	3668
161	162
161	4769
162	4106
162	1482
162	2620
163	164
164	165
165	166
166	485
167	168
168	169
169	4093
169	3328
170	171
171	3625
172	173
173	386
173	3225
174	175
174	3941
175	4813
176	177
176	3244
177	3373
177	2753
178	4471
178	4531
179	180
179	2973
180	850
180	2430
180	4005
181	767
181	4900
182	4579
182	465
182	599
182	2570
183	1096
183	3709
183	4923
184	185
184	1600
185	186
186	187
186	700
187	2053
188	189
188	3094
189	190
190	3104
191	1128
192	193
193	194
194	195
195	196
196	3205
197	198
197	1307
198	199
199	2704
200	3921
200	316
200	899
200	1634
201	202
201	1785
201	4777
202	3885
203	2269
204	3726
205	206
206	207
207	3677
207	736
207	2508
208	1229
209	210
209	3828
210	211
210	3677
210	3865
211	212
212	2260
213	1939
213	663
214	353
215	2280
216	217
217	1060
218	1317
219	220
220	324
221	222
222	1245
223	826
224	225
225	577
225	1257
226	337
227	228
227	2892
228	4344
228	333
228	4734
229	230
230	3637
231	2934
232	3163
233	2916
234	235
235	1271
236	3043
237	238
238	239
239	240
240	241
240	994
240	2993
240	3156
241	242
242	1808
243	2644
243	1739
243	3509
244	245
245	1674
246	247
246	573
247	4094
248	2616
249	370
249	652
250	251
251	1470
252	1993
252	2410
253	1150
254	255
254	2938
255	3520
256	4191
256	632
256	988
257	677
258	259
259	961
260	378
260	4140
260	4749
261	3515
261	4468
262	4944
262	1994
262	2944
262	4110
263	4649
264	265
264	2331
265	266
266	4821
267	268
268	269
269	4274
270	271
270	3515
271	272
272	273
272	2069
272	4742
273	4070
274	275
274	3579
275	276
276	277
276	1225
277	2908
278	279
279	280
280	281
280	2306
281	282
282	3779
283	284
284	285
284	873
285	286
286	2483
287	610
287	321
288	1053
289	922
289	2243
289	3023
289	4545
290	1463
290	1788
291	2189
292	2302
293	294
293	432
294	2029
295	296
295	1130
295	2473
296	297
296	2444
297	298
298	299
298	3899
299	352
299	4090
300	301
300	2099
301	302
302	303
303	304
304	305
305	1517
306	2086
307	903
308	4039
309	310
309	3331
310	4996
311	312
312	313
312	2447
312	3827
313	314
313	3995
314	315
315	316
316	3649
316	4267
317	318
317	3739
318	319
318	3700
319	320
319	527
320	321
322	323
322	2432
323	324
323	3172
324	325
324	3801
325	2415
326	4706
326	1651
326	4063
327	3731
327	4541
328	329
328	4344
329	330
330	331
331	3733
332	333
332	526
333	2643
333	3978
334	4459
335	1362
336	3510
337	2055
338	339
339	340
340	2410
341	1270
341	2095
342	4852
342	520
343	2759
343	959
343	3518
344	345
344	4293
345	346
346	1400
347	348
348	349
349	350
350	4962
351	4694
352	353
353	354
354	355
355	356
356	357
357	2242
357	381
358	2753
358	3024
359	464
359	823
360	2732
361	2586
362	363
363	1635
363	2760
364	365
365	3985
365	2252
365	2922
366	367
366	1091
366	3784
366	4924
367	368
367	2494
368	2962
370	1773
371	372
371	688
371	2234
372	1375
372	2484
372	4911
373	374
374	3632
375	2894
376	377
376	1682
376	4514
377	378
378	379
379	3438
380	1344
380	4629
381	2291
381	4787
382	383
382	4957
383	1609
384	385
385	3434
385	2256
385	4836
386	2432
387	388
387	4484
388	389
389	390
389	4411
390	391
390	1274
391	2526
392	3254
393	394
394	395
395	619
395	4493
396	397
397	398
399	400
400	2198
401	402
402	403
403	4343
404	405
405	406
405	2058
406	407
406	3934
407	4380
407	1807
408	3772
409	410
409	3314
410	411
411	3088
412	413
412	1837
413	684
413	1831
414	4023
414	4040
415	4309
415	2530
416	417
417	1617
418	419
419	1722
419	2970
420	970
420	2206
420	2856
421	1306
422	423
423	424
424	2932
425	426
425	4621
426	2940
427	428
428	429
429	430
429	998
430	431
430	3009
431	432
432	813
433	4406
434	435
434	1776
434	4884
435	436
435	3687
436	437
437	2787
438	1887
438	2871
439	440
439	3448
440	441
440	3818
440	4925
441	4783
442	443
442	519
442	2031
442	4349
443	4144
444	2509
444	876
444	2630
445	4671
445	864
445	3131
446	4366
447	448
448	4235
449	3236
449	2467
449	4029
450	451
450	4464
451	452
451	4538
451	4720
452	4558
453	454
453	3057
454	1911
455	456
456	1894
457	1517
458	459
459	3182
459	3431
459	3455
460	2059
460	3520
461	462
462	463
462	3878
463	519
463	3181
464	2830
466	467
467	3435
467	780
467	4296
468	469
468	1780
469	3277
470	4166
470	4368
471	472
472	473
473	474
474	475
475	476
476	3509
477	2049
478	3466
478	2136
479	4767
479	4878
480	1059
480	2885
480	4058
481	482
482	483
482	1386
483	484
484	485
485	486
485	2852
486	487
487	488
487	4398
488	489
489	490
489	3400
490	2389
491	492
491	593
492	3003
493	1471
493	1134
494	495
495	3908
495	2422
496	497
497	498
498	499
499	4059
500	501
500	747
501	502
502	1850
503	504
503	3761
504	505
505	506
505	807
506	507
507	508
507	730
507	1875
508	509
509	510
510	511
511	4805
511	553
512	513
513	514
513	523
514	2212
515	516
516	517
517	4778
517	2700
518	519
521	1877
521	3066
522	523
524	525
525	526
525	1004
525	2965
525	3427
526	601
528	3915
529	530
530	531
531	532
532	1304
533	534
534	535
535	1447
536	537
536	792
537	4570
537	4725
537	4761
538	539
538	4144
539	3548
540	1195
541	3639
542	4344
543	544
543	3747
543	4088
544	1820
544	1311
545	4373
545	4318
546	547
546	4907
547	548
548	549
548	2850
548	3025
549	550
549	2589
549	3117
549	4691
550	551
551	552
552	553
552	3264
553	4721
554	555
555	3730
556	557
556	1576
556	3086
557	558
557	4174
558	762
558	3721
559	560
560	3642
561	1447
561	1719
562	3504
562	4438
562	4476
563	564
563	4095
564	3763
565	566
565	4211
566	1969
567	4311
567	2483
568	2481
568	861
569	570
570	1574
571	3085
572	573
572	590
574	2055
575	4485
576	1004
577	2172
577	1001
577	4579
578	579
579	580
579	3393
580	2483
580	2487
581	3496
581	1485
582	583
582	2956
583	3622
584	2394
585	586
585	1551
586	587
586	2722
587	2720
588	1447
589	1115
589	990
591	592
592	1437
592	1549
594	595
595	3595
595	3306
596	597
596	1742
597	1173
598	599
600	1039
600	4515
602	1470
603	604
603	4901
604	4664
604	854
604	1527
604	2122
605	606
605	3246
606	623
607	3077
607	839
608	3567
609	610
610	611
611	4856
611	789
612	853
613	614
614	615
614	3338
615	616
616	617
617	618
618	4498
619	620
620	621
621	622
622	623
623	1737
623	1041
623	4385
623	4980
624	1544
624	2177
624	4458
625	626
625	2102
626	627
626	1434
627	628
628	629
629	630
630	4648
630	2525
630	4764
631	1442
633	634
634	1026
635	636
635	1908
636	637
636	2151
637	638
638	1966
639	640
639	2089
640	641
641	642
642	643
643	644
643	3691
644	645
645	646
646	647
647	1126
648	649
649	2269
649	2397
650	974
650	2687
651	652
652	4274
653	654
653	2662
653	3402
654	655
654	2841
655	3161
656	657
656	1079
656	1754
657	658
658	4667
658	1052
659	660
660	661
661	2699
662	663
663	4084
664	1043
665	2536
665	1432
666	2207
667	668
667	1793
667	2567
668	1854
668	1497
669	2100
670	671
670	4815
671	4789
672	2333
673	1020
674	2828
674	1881
675	4722
676	874
677	678
678	2128
679	3543
680	2375
681	682
682	683
683	684
684	685
685	686
686	4897
687	688
689	697
689	4403
690	691
692	4110
692	1815
693	4149
694	695
695	696
697	698
698	1371
699	700
701	702
701	2226
701	3988
702	703
703	704
703	2009
703	4066
704	4233
704	2895
704	4155
705	706
706	707
707	708
708	1107
709	710
710	3127
711	3428
712	1791
713	714
714	2058
715	4460
716	717
716	1770
716	4602
717	718
718	2382
719	720
719	2591
720	721
721	722
722	2197
723	2167
724	725
725	4679
725	2341
726	727
727	4053
727	3491
728	729
729	4258
731	732
732	3304
732	2953
733	734
733	3653
734	1512
735	736
736	3735
736	4492
737	738
737	1387
737	1557
738	4439
739	740
739	3668
740	741
741	1824
742	1844
743	4351
744	745
744	2128
744	4774
745	746
745	1304
745	1316
746	2977
748	749
748	2345
749	4340
749	4428
750	764
750	2718
751	752
752	2422
753	754
753	2292
754	789
755	4270
755	1212
756	3084
757	1244
758	759
758	2693
759	760
760	761
761	762
762	763
763	1728
764	4720
764	1954
764	4422
765	766
766	767
766	1135
766	3465
767	768
767	3522
768	769
768	2540
768	2683
769	3365
770	771
770	3162
770	4187
771	2662
771	3301
771	3745
772	3234
772	1359
773	774
774	775
775	806
776	4494
777	2114
778	779
779	780
780	3798
781	782
781	2412
782	1062
783	784
784	785
785	786
785	1192
785	1916
786	1778
786	4393
787	1525
787	4798
788	1391
789	3257
789	3631
790	981
790	2165
791	792
792	2078
792	2333
792	3817
793	794
794	795
795	1379
796	1819
797	798
798	799
798	2797
799	800
799	2452
800	801
801	802
802	803
802	1178
802	3342
803	804
804	805
804	4437
805	806
806	807
806	1073
807	4355
808	809
809	4330
809	2441
809	4714
810	811
811	1660
812	813
812	2703
813	1283
814	1504
815	855
815	2382
816	3267
817	818
818	3230
819	820
820	821
821	822
822	823
824	1130
825	1280
826	827
827	828
827	1202
827	4593
828	2313
828	2996
828	4136
828	4193
829	2169
829	909
830	831
831	2779
831	2267
832	833
833	834
833	1230
834	4143
835	836
835	2819
836	837
837	838
838	839
840	841
841	4704
842	843
843	844
844	845
844	4028
845	1464
846	847
847	848
847	4183
848	3799
848	1477
848	4047
849	1222
850	3023
851	852
851	1656
851	2815
851	2864
853	2444
853	1005
855	856
855	4195
856	857
856	3466
857	858
858	3954
859	860
860	861
862	1370
863	864
863	4383
865	866
866	867
866	1817
867	3367
868	869
868	1584
869	3309
869	1215
870	3243
871	872
872	873
872	2389
874	1713
875	2948
877	878
877	1922
878	1406
879	880
880	881
881	882
882	4481
883	884
883	4303
884	885
885	2200
886	4047
887	888
888	889
889	890
890	891
891	3318
892	1233
892	2161
893	3612
894	895
894	4822
895	896
896	897
896	898
896	3423
897	898
899	2172
900	901
901	4941
901	4879
902	903
902	4156
903	904
903	4160
904	4896
905	996
905	2904
905	4315
906	4478
907	4159
907	4279
908	2976
910	1756
911	912
911	1473
912	913
912	2257
913	4553
914	915
915	1330
916	917
916	4243
917	918
917	3449
918	4754
918	1356
919	920
920	921
921	922
921	2572
922	923
923	4583
924	925
924	3574
925	926
926	927
927	928
928	3140
929	930
930	931
931	932
932	933
932	980
933	934
934	935
935	936
936	1773
936	1456
936	3088
937	2440
938	3256
939	940
940	1469
940	1400
941	2643
942	943
942	3378
943	3510
944	3122
944	950
944	3230
945	1353
946	947
947	4103
948	949
949	2971
950	1154
951	1811
952	953
953	954
954	2522
954	2462
955	1869
956	1357
957	958
957	3435
958	4519
959	2360
960	4531
960	2445
961	962
962	963
962	2407
963	3211
964	4845
964	1038
965	2587
966	4683
966	2902
966	4542
967	968
968	3492
969	970
969	1391
970	4514
971	3267
971	3012
972	4285
973	974
974	975
974	2383
974	2682
975	976
975	1884
975	4472
976	1726
976	2293
976	4661
977	978
978	979
978	4634
979	4565
981	4474
981	3562
981	4918
982	983
982	1166
983	984
984	1907
984	3779
985	986
985	3058
986	987
987	4486
988	3559
989	990
989	1115
989	4860
991	4568
991	2390
992	993
993	994
993	4172
994	2701
995	996
996	4839
997	1448
998	4771
999	1000
1000	1001
1003	4002
1006	1022
1007	1008
1007	4075
1008	1009
1010	1011
1011	1012
1011	3715
1012	2187
1013	1014
1014	3655
1014	1955
1015	1016
1015	2919
1015	4392
1016	1607
1016	4356
1017	2939
1017	1519
1018	4488
1018	3155
1018	3607
1019	1020
1020	4422
1021	3908
1022	1023
1022	2738
1022	4001
1023	1212
1024	1481
1025	1026
1026	1027
1027	1028
1028	1918
1029	1030
1030	1031
1030	3401
1031	1032
1032	2657
1033	1034
1034	1035
1035	1036
1035	4594
1036	1037
1037	1038
1039	4374
1040	1041
1040	1045
1042	1043
1043	4201
1043	1360
1043	4546
1044	3620
1045	1373
1046	1047
1047	1989
1048	1049
1049	1269
1050	1051
1051	1052
1051	2877
1053	1054
1053	3037
1054	4717
1054	2605
1055	1197
1056	1057
1056	2244
1057	3263
1057	3268
1058	1059
1059	1476
1060	4224
1061	1062
1062	4259
1063	1064
1064	1555
1065	1066
1066	1730
1066	1833
1067	1068
1068	1069
1069	1070
1070	2279
1071	4303
1072	3250
1072	2659
1072	3512
1073	3030
1074	1075
1075	1076
1076	1934
1077	2943
1078	1079
1080	3212
1081	1082
1082	2322
1083	3722
1083	1832
1084	1085
1085	1358
1086	3307
1087	3324
1087	1847
1088	2079
1089	1090
1089	2728
1089	3476
1090	3043
1092	3885
1093	1094
1094	1962
1095	1096
1096	1097
1097	1098
1098	1099
1099	1100
1100	1101
1100	1809
1101	2188
1102	1103
1103	1104
1103	2888
1104	1170
1105	1106
1106	2970
1107	1108
1108	1109
1109	4546
1111	1112
1112	1620
1112	2204
1113	1114
1114	1115
1115	2723
1116	1695
1116	1374
1117	4531
1118	1119
1118	1718
1119	1120
1119	2705
1120	1274
1121	3267
1122	3921
1123	4137
1124	1125
1124	4223
1125	1126
1126	1127
1127	1128
1127	3272
1128	2915
1129	1130
1129	1929
1130	4092
1131	2500
1132	1133
1133	4311
1133	3081
1135	3508
1136	1137
1137	1991
1138	2694
1139	1140
1140	1141
1140	3163
1141	4690
1142	1143
1143	1144
1144	2244
1145	1146
1146	1147
1146	4406
1147	1597
1148	2769
1149	2769
1149	2157
1150	1151
1151	1152
1152	2827
1152	1730
1152	3810
1153	1154
1155	1156
1156	2146
1156	3963
1157	1158
1158	2739
1158	3698
1159	1160
1160	1161
1161	1162
1162	1163
1163	1719
1164	1165
1165	1166
1165	2552
1166	4204
1167	1168
1168	1840
1169	4905
1171	1172
1172	1173
1173	1174
1174	3218
1175	1209
1176	1177
1177	1178
1179	2421
1179	2773
1180	1181
1181	3038
1181	4586
1182	1183
1183	2529
1184	1185
1185	1186
1186	1187
1186	1573
1187	1188
1188	1189
1188	1723
1189	3710
1190	1191
1190	2363
1190	2553
1191	1192
1193	1194
1193	1921
1194	1195
1195	3848
1196	3957
1197	2988
1198	1199
1199	1200
1199	2516
1200	1585
1201	3209
1201	2622
1203	4891
1204	1205
1205	1206
1206	1221
1207	1208
1208	3523
1208	2295
1208	3904
1209	1210
1210	1211
1210	2392
1210	3940
1211	1212
1213	2397
1214	1215
1216	1217
1217	1762
1217	3997
1218	1219
1219	2399
1220	2750
1221	1222
1222	1801
1223	1514
1224	1711
1224	4905
1226	1227
1227	3249
1228	1229
1228	4118
1229	1230
1230	1966
1231	1232
1232	3747
1234	1235
1235	1236
1235	3990
1235	4397
1236	1237
1236	2178
1237	2221
1237	2049
1238	1239
1238	2201
1239	1240
1240	1241
1241	1242
1242	3545
1243	3188
1243	4150
1244	1245
1245	1246
1245	1385
1246	1247
1246	2286
1246	3298
1247	1456
1248	1249
1248	1787
1248	2555
1248	3293
1249	4488
1249	1727
1250	1580
1251	1252
1252	1393
1252	2304
1253	2471
1254	1817
1255	1256
1255	2179
1256	4531
1258	1259
1259	1594
1260	1611
1260	3410
1261	1262
1261	2229
1262	1263
1263	1264
1264	1265
1265	1266
1266	1267
1267	1268
1267	1720
1267	2842
1268	3215
1269	1270
1269	3059
1270	3724
1270	2890
1271	1272
1271	1928
1272	1273
1273	1765
1275	1276
1275	2870
1276	1277
1277	2487
1278	4808
1279	1280
1280	3334
1281	1282
1282	1999
1283	3861
1283	4604
1284	1285
1284	1694
1284	4330
1285	1286
1286	1287
1287	1288
1287	3956
1288	2703
1289	3682
1289	2134
1290	1477
1291	1292
1292	3546
1293	2357
1294	4859
1294	1988
1294	2755
1295	1296
1295	2564
1295	3051
1296	3517
1297	1298
1298	4939
1299	4868
1299	2395
1300	1301
1301	1302
1301	4630
1302	1303
1303	1304
1305	1306
1306	4441
1307	4192
1308	1309
1309	1310
1309	2811
1309	4500
1310	1311
1310	3696
1312	4910
1313	3917
1314	4633
1314	1322
1315	1316
1315	2454
1315	4611
1317	1318
1317	2338
1318	1319
1319	2019
1319	4974
1320	1321
1321	4989
1323	1324
1323	3547
1324	1676
1325	2950
1326	4042
1327	1328
1328	4035
1329	4795
1330	1331
1331	1332
1331	2297
1331	3819
1332	1333
1333	1334
1333	4944
1334	3942
1335	1336
1335	2368
1336	1337
1337	1338
1338	1875
1338	2727
1339	1340
1340	3772
1341	2951
1341	2820
1342	2116
1343	3595
1344	1345
1345	1346
1346	1347
1346	1632
1347	1348
1347	2989
1348	1349
1349	1390
1350	2410
1351	1352
1352	1353
1353	1354
1354	1355
1355	3086
1355	1562
1356	3922
1357	1358
1358	2091
1361	1362
1362	1363
1363	1364
1364	1365
1365	1816
1367	3732
1367	1958
1367	2029
1368	4105
1369	1370
1370	2525
1371	1372
1372	3559
1372	3931
1373	3549
1374	1642
1375	1376
1375	4171
1376	1377
1377	1378
1378	1379
1379	1380
1380	4195
1381	4364
1382	1383
1382	3026
1382	3782
1382	4280
1383	1384
1384	2130
1385	2588
1387	2823
1387	3077
1388	1457
1388	3041
1388	3776
1389	1390
1389	4264
1390	1391
1392	1393
1392	2628
1393	1933
1394	1395
1395	4022
1396	1397
1397	1398
1398	1762
1399	4002
1401	2684
1402	1403
1402	2866
1402	3170
1402	4025
1403	1404
1403	3640
1404	1405
1405	1406
1405	4642
1406	1407
1407	3760
1407	2934
1407	3311
1408	1409
1408	3437
1409	1410
1409	4984
1410	1411
1410	2640
1410	3947
1411	1412
1412	2904
1412	1466
1412	2164
1413	1414
1414	4456
1414	2039
1414	4226
1415	1416
1416	1417
1417	1418
1418	1419
1419	1420
1420	1421
1420	3445
1421	1422
1422	1423
1422	2657
1423	1424
1423	2548
1424	1734
1424	3450
1425	3942
1425	4101
1425	4142
1426	1427
1427	3652
1428	1429
1429	3836
1430	1431
1431	2250
1433	3012
1435	4486
1435	2897
1436	1600
1436	3309
1437	1438
1438	4233
1439	1440
1440	1441
1441	4011
1442	1820
1443	3779
1444	1445
1445	1446
1445	2366
1446	4032
1446	1658
1447	1448
1448	1449
1449	3249
1450	4296
1451	1452
1452	3805
1453	1454
1454	1455
1455	4383
1455	3327
1457	1458
1458	1459
1459	2066
1459	4804
1460	3312
1461	1462
1462	1463
1462	3531
1462	4613
1463	2914
1463	1698
1464	3172
1465	2601
1465	1554
1467	1468
1468	1469
1469	1470
1470	2344
1471	3784
1472	1473
1474	3535
1474	2702
1475	1476
1475	1879
1476	1477
1478	1479
1479	4730
1480	1481
1481	3786
1481	3615
1483	1484
1484	1485
1484	1890
1485	4310
1485	4859
1486	4311
1487	1488
1487	2238
1487	3591
1488	3610
1489	2428
1489	2133
1490	1491
1491	4253
1492	1493
1493	4805
1493	2611
1494	2272
1494	1701
1495	1496
1495	1620
1496	1497
1496	3803
1496	4821
1498	3680
1499	1500
1500	1501
1501	1658
1502	2957
1502	4850
1503	1504
1504	2868
1505	1506
1505	1836
1505	4718
1506	4330
1507	2603
1507	4569
1508	1509
1509	3635
1509	2428
1510	1511
1511	2669
1512	1513
1512	3353
1513	1514
1514	3479
1515	1516
1516	1517
1517	2806
1518	1826
1519	3634
1520	2524
1521	1522
1522	1523
1523	1524
1523	3773
1524	1525
1525	1526
1526	4983
1527	3377
1528	1529
1530	1531
1530	4510
1530	4532
1531	1665
1531	2809
1532	1533
1532	3837
1533	2311
1534	4379
1535	1536
1536	1537
1537	1538
1537	2837
1538	1539
1539	4210
1540	1541
1540	3107
1541	1542
1541	4035
1542	1543
1542	4077
1543	1544
1543	4731
1544	1545
1544	1975
1545	4137
1545	4975
1546	1547
1547	1548
1547	3707
1548	1549
1549	3386
1550	1551
1551	2434
1552	1553
1553	1554
1554	2329
1555	4037
1556	2903
1558	1559
1559	4749
1559	4687
1560	1561
1560	4179
1561	1690
1562	2263
1563	1564
1564	1565
1565	1566
1566	2385
1567	1568
1567	3627
1568	2485
1570	1571
1571	1572
1572	1573
1574	4108
1575	1576
1575	3388
1577	3398
1578	1579
1578	3319
1579	1580
1580	1581
1581	1582
1582	3942
1583	1584
1585	2297
1585	3256
1586	3621
1587	1588
1588	3724
1588	2143
1588	4053
1589	1590
1590	1591
1591	2710
1592	1593
1593	1594
1594	1595
1594	1996
1595	1596
1596	4337
1597	1945
1597	1693
1598	4378
1599	1600
1601	1602
1601	3716
1602	2034
1603	1604
1604	1605
1605	1606
1606	1607
1607	1795
1607	2916
1608	1609
1609	1610
1609	2149
1609	3915
1610	3195
1611	1612
1612	1805
1613	1614
1613	2635
1613	4580
1614	2153
1615	3654
1615	2461
1615	4570
1616	1617
1617	4495
1618	1619
1618	3829
1619	2358
1620	1843
1621	1622
1622	3159
1622	3132
1623	1749
1623	1745
1623	4733
1624	2850
1625	3394
1625	3226
1625	4111
1626	1627
1627	2484
1628	2195
1628	2986
1629	2229
1629	4031
1630	4272
1630	2265
1631	1632
1633	1634
1636	1637
1636	3621
1637	2256
1638	1639
1639	4225
1639	1856
1640	1641
1641	4215
1643	3909
1644	4140
1644	4189
1645	1646
1646	1647
1647	1648
1648	4043
1649	2345
1650	1651
1652	1653
1653	1654
1654	1655
1654	2028
1655	2070
1655	2590
1655	3013
1657	2377
1658	4972
1659	3429
1660	1661
1661	2319
1661	3887
1662	4709
1662	3142
1663	2123
1664	4306
1665	1666
1666	1667
1667	1668
1668	1669
1669	1670
1670	2426
1671	1672
1672	3395
1673	1674
1674	1675
1675	4908
1676	1677
1677	1678
1678	4301
1679	1680
1680	1681
1680	3275
1681	2711
1683	1684
1683	4728
1684	1685
1685	1686
1685	4583
1686	2442
1686	4502
1687	4935
1688	1689
1688	4073
1689	1690
1689	3611
1690	2397
1691	1692
1692	1693
1693	4266
1693	4655
1695	2399
1695	1906
1696	4248
1697	4381
1698	4332
1699	3923
1700	2846
1701	3936
1702	1703
1702	1721
1703	1704
1703	3788
1704	1705
1705	4789
1705	4004
1706	1707
1707	2306
1709	1710
1710	4045
1710	3302
1711	3286
1713	1714
1714	3206
1715	1716
1716	3945
1716	2183
1717	1718
1718	4616
1722	2306
1722	4216
1724	1725
1725	1726
1726	3090
1727	2581
1728	1729
1729	1730
1731	3268
1732	1733
1732	4977
1733	1734
1734	1735
1735	1736
1735	2309
1736	1737
1737	1738
1738	2639
1740	3836
1741	1742
1741	2529
1743	4486
1743	2324
1743	3785
1744	1745
1745	3708
1746	3593
1747	1748
1748	1749
1749	2526
1750	1751
1751	1752
1752	1753
1752	3318
1753	2286
1755	2080
1756	1757
1757	1758
1757	4856
1758	1759
1759	1760
1760	3678
1761	1762
1762	2872
1762	3835
1763	1764
1764	1765
1765	1766
1766	1767
1766	3751
1767	1768
1767	2322
1767	4699
1768	1769
1768	3673
1769	1770
1771	1772
1771	4030
1772	1773
1773	1774
1774	4054
1775	1946
1775	3725
1777	1778
1778	1779
1778	1912
1779	1780
1781	1821
1782	1783
1783	1784
1784	2952
1786	1787
1787	4350
1789	3189
1790	1791
1791	1792
1792	1793
1792	3395
1794	2990
1795	1796
1796	1797
1796	2259
1797	1798
1797	3373
1798	3230
1799	1800
1800	2718
1801	1802
1802	1803
1803	1804
1804	1981
1805	1806
1806	1807
1808	1809
1809	2978
1810	1811
1811	1812
1812	1813
1812	4371
1813	1814
1814	1815
1814	2905
1816	1817
1818	1819
1819	1820
1820	1821
1821	1822
1822	1823
1823	1824
1824	2332
1825	1826
1826	1827
1826	3962
1827	1828
1828	4444
1829	1830
1830	1831
1834	1835
1835	4529
1838	1839
1839	2411
1840	4248
1840	4120
1841	4725
1842	1843
1842	3685
1844	1845
1844	4176
1845	1846
1846	2854
1846	2858
1847	4814
1848	1849
1848	2448
1848	3511
1849	1850
1850	1851
1851	1852
1851	4379
1852	3939
1853	3028
1854	2737
1858	4724
1859	1860
1860	1861
1861	1862
1862	1863
1863	1864
1864	1865
1865	3647
1866	1867
1867	1868
1867	3753
1868	1869
1869	3205
1869	2565
1869	4623
1870	1871
1871	3072
1872	1873
1873	2714
1874	1875
1876	3247
1877	2051
1878	1879
1880	1881
1882	2484
1882	4796
1883	2156
1885	3048
1886	1887
1887	1888
1888	4497
1889	3903
1891	3261
1892	3617
1893	1894
1894	1895
1896	4360
1896	3165
1897	1898
1898	2729
1898	2413
1899	1900
1900	3695
1900	2612
1901	1902
1901	2087
1901	2251
1901	3743
1902	1903
1902	3993
1903	3488
1904	3547
1904	4591
1905	3893
1907	1908
1908	4060
1909	1910
1909	2480
1910	2755
1910	2690
1911	1912
1912	2649
1913	4492
1914	4385
1915	4431
1916	4305
1917	1918
1918	1919
1918	4221
1919	1920
1919	3821
1920	1921
1922	3969
1923	4741
1924	3682
1924	2845
1925	1926
1925	3363
1926	1927
1927	1928
1929	4416
1930	4413
1931	1932
1932	4980
1932	4117
1933	3944
1934	2336
1934	4920
1935	1936
1936	3036
1937	1938
1938	2946
1939	2149
1939	2894
1940	4773
1941	3440
1942	2265
1942	3183
1943	3886
1943	2914
1944	1945
1945	4762
1946	4730
1947	2677
1948	3610
1948	3831
1949	2401
1950	4747
1950	3262
1951	1952
1952	1953
1953	4342
1953	4207
1956	4337
1956	3135
1957	3942
1958	4263
1959	1960
1960	1961
1961	1962
1962	1963
1963	2504
1964	1965
1965	3198
1967	1968
1968	2273
1969	1970
1970	2902
1970	2214
1971	4101
1972	1973
1973	2451
1974	1975
1976	1977
1977	2827
1978	2631
1978	2634
1979	1980
1980	2282
1982	2290
1983	1984
1984	1985
1985	1986
1986	2582
1987	1988
1989	1990
1990	1991
1990	2356
1991	4330
1992	1993
1992	4765
1993	4772
1995	1996
1996	2737
1997	4932
1998	1999
1999	2000
2000	2001
2000	4191
2001	2002
2002	2631
2003	2004
2004	2281
2004	3762
2005	2006
2006	2007
2007	4326
2007	4636
2008	2721
2010	2011
2010	3787
2011	2012
2012	4708
2013	2014
2014	2015
2015	2016
2016	2017
2017	4674
2018	3523
2019	2020
2020	2021
2021	2022
2021	4229
2022	2023
2023	2024
2024	2974
2024	2668
2025	2026
2025	3325
2025	4862
2026	2027
2027	2028
2032	2033
2033	2034
2033	2051
2034	2035
2035	3247
2035	2874
2036	2720
2036	4213
2037	2038
2037	2046
2038	2039
2038	2913
2039	2610
2040	2041
2041	3200
2042	2562
2043	2044
2044	2045
2045	2046
2046	2633
2047	3497
2048	2049
2050	4978
2052	2053
2053	2054
2054	2055
2054	3877
2055	3006
2055	4597
2056	2057
2057	2058
2059	2060
2059	4606
2060	2878
2061	2062
2062	4116
2063	2064
2063	2952
2064	2065
2065	2066
2066	2067
2067	2068
2068	4434
2069	3425
2070	2216
2071	2072
2072	4744
2073	2198
2074	2075
2075	2547
2076	2077
2077	2078
2078	3645
2079	2080
2080	2081
2081	2082
2082	2083
2083	3957
2084	2289
2084	2359
2084	4965
2085	2086
2086	2087
2087	3694
2088	3754
2090	2440
2091	2092
2091	4547
2092	2093
2093	2401
2094	2095
2094	3185
2096	2097
2097	2098
2098	2099
2100	4647
2101	2102
2103	4474
2104	2105
2105	4698
2106	2107
2106	2981
2107	2108
2108	2109
2109	2110
2110	4425
2111	2555
2111	3636
2112	4684
2113	2114
2114	2468
2114	4646
2115	2116
2116	2117
2117	3471
2118	3965
2119	2120
2120	2121
2121	2122
2123	2124
2124	2125
2125	4557
2126	3496
2127	4038
2129	2130
2130	2131
2131	2583
2131	3525
2132	2133
2132	2235
2132	2364
2133	3973
2135	4660
2137	2138
2138	2139
2139	2140
2139	3504
2140	2141
2140	2460
2141	2142
2142	2252
2143	4361
2144	2145
2145	2146
2146	2147
2147	2148
2148	4831
2150	2151
2152	2153
2153	2154
2154	2155
2155	2156
2156	2157
2158	4722
2159	2160
2160	2161
2162	2163
2163	2164
2166	2167
2167	2168
2168	2169
2169	2170
2170	3752
2171	2172
2171	2980
2173	2367
2173	4752
2174	2175
2175	2176
2176	3223
2179	4548
2180	2181
2180	3464
2181	3536
2182	2183
2184	4349
2185	3534
2185	2220
2186	3994
2186	4008
2187	4476
2188	2189
2189	2426
2189	3372
2190	2191
2191	3341
2192	2193
2193	2194
2193	3880
2194	2195
2194	4401
2195	2196
2196	2197
2196	4057
2197	4510
2198	2199
2199	2324
2200	2887
2202	2203
2203	2204
2205	4609
2205	4854
2207	2208
2208	2209
2208	2562
2208	4585
2209	3862
2210	2211
2210	3959
2211	2212
2212	2213
2213	2214
2215	2216
2216	2217
2217	2218
2218	2219
2219	2220
2221	3706
2222	2223
2223	2536
2224	2225
2225	2226
2227	2228
2228	2229
2229	2493
2230	2231
2231	2232
2232	2233
2233	3976
2236	2342
2237	4344
2237	3951
2239	3378
2240	4976
2241	3128
2242	2243
2245	2246
2246	2247
2247	4842
2248	4594
2249	4304
2250	2251
2253	2254
2254	2255
2255	2256
2256	2886
2258	2259
2260	2422
2261	2262
2262	2263
2262	4696
2264	2265
2266	2267
2268	2269
2269	2270
2270	4167
2271	2272
2271	4786
2272	2273
2273	2274
2274	2275
2275	4025
2276	3502
2277	3464
2278	3815
2279	4952
2280	2281
2281	2282
2282	2283
2283	2284
2284	2285
2284	3237
2285	2286
2285	2328
2286	2733
2287	2288
2288	3048
2289	2290
2290	3800
2291	4354
2292	3250
2294	2295
2296	2297
2298	2299
2299	2300
2299	2692
2299	2803
2300	3214
2300	4283
2301	2302
2302	2303
2303	2304
2305	3196
2307	2308
2308	2309
2310	2311
2311	2312
2312	2313
2313	2314
2314	2315
2315	4796
2316	2317
2316	2636
2317	2318
2318	2319
2319	2347
2320	2849
2321	2322
2321	3794
2323	3584
2323	3985
2324	3842
2325	2326
2326	2327
2327	2328
2327	2766
2330	2331
2332	2448
2332	3848
2332	4877
2335	2336
2336	3741
2337	2858
2339	2340
2340	2341
2343	2344
2344	3850
2346	2347
2347	2348
2348	3007
2349	2350
2350	3792
2350	4874
2351	2352
2352	2353
2353	4756
2353	2425
2354	2355
2354	3018
2355	4578
2356	4590
2357	2358
2357	4091
2358	2899
2361	2362
2362	2363
2363	4463
2365	2366
2367	2368
2370	2996
2371	2372
2372	2373
2373	2374
2374	4419
2374	3222
2374	3669
2375	2376
2375	3075
2376	2377
2377	2378
2377	3070
2377	3749
2378	2379
2379	2380
2379	3796
2380	2381
2381	3047
2384	3528
2385	4392
2386	2387
2386	3918
2387	2388
2388	2389
2391	2392
2393	4573
2393	3118
2394	2395
2396	2397
2396	4619
2398	2399
2399	3994
2400	2401
2401	2402
2401	3592
2402	2403
2402	4167
2403	2404
2404	4415
2404	3197
2405	2541
2406	4690
2407	2830
2408	4374
2409	3278
2410	4831
2411	2412
2413	3536
2414	4149
2415	2416
2415	3128
2416	2417
2417	2418
2418	2419
2419	4695
2419	3236
2419	4677
2420	2421
2421	2422
2421	4197
2423	2424
2423	4038
2424	2425
2426	2427
2427	2428
2428	3462
2429	2430
2429	3134
2430	3893
2431	2432
2433	2659
2435	2436
2436	2437
2437	4621
2437	2818
2438	2439
2438	4701
2439	3641
2439	2521
2440	2441
2441	2992
2442	2443
2443	2870
2445	4418
2446	4107
2448	2827
2449	2450
2449	3115
2450	2451
2451	4153
2453	2454
2455	2456
2455	4657
2456	2457
2457	2458
2458	4780
2459	2460
2463	2464
2464	3589
2465	2466
2465	4564
2466	2467
2467	3004
2468	2924
2469	4487
2470	2471
2471	2472
2472	2473
2474	2475
2475	2476
2476	2477
2476	3020
2477	3719
2478	2479
2480	2532
2481	2482
2482	2483
2482	3620
2482	4276
2484	4947
2485	2486
2486	3328
2488	3645
2489	2490
2490	2491
2490	2512
2490	3361
2491	4674
2492	2493
2495	4898
2496	2831
2497	2505
2497	4232
2498	2499
2499	3647
2500	2501
2501	2502
2502	2503
2503	2504
2504	2505
2504	4281
2505	2506
2506	2507
2506	4244
2506	4904
2507	2508
2509	2510
2509	2835
2510	4807
2511	2512
2513	2514
2513	4526
2514	2515
2515	2516
2517	2518
2518	2519
2519	3451
2520	2521
2522	2523
2522	3792
2523	4367
2524	3902
2526	2527
2527	4965
2527	4785
2528	2529
2531	2532
2532	4867
2533	2534
2534	3737
2535	2536
2536	3639
2537	3601
2537	3660
2538	4585
2538	3103
2539	2540
2541	2542
2542	2543
2543	2544
2544	2545
2545	2546
2545	4994
2546	2547
2547	2548
2547	4316
2549	2550
2549	4415
2550	2551
2550	4240
2551	2552
2554	2555
2556	2557
2557	3187
2558	2559
2559	3743
2560	2561
2561	2562
2563	2564
2564	4307
2566	2567
2568	2569
2569	3615
2571	2572
2574	2575
2574	3418
2575	3753
2575	4614
2576	2577
2577	2578
2578	2579
2579	2580
2579	4157
2580	4258
2582	2583
2583	2584
2584	2585
2585	2586
2586	2587
2586	4453
2587	2588
2587	2826
2592	2593
2593	2594
2594	3828
2595	2596
2596	3732
2597	2598
2599	3425
2600	4824
2601	2602
2602	2603
2603	2604
2603	3441
2604	4997
2604	3635
2606	2607
2606	3240
2606	4231
2607	2900
2608	2652
2609	2610
2609	3362
2609	3820
2612	4908
2613	3738
2613	3582
2614	2615
2615	4328
2616	2617
2617	4154
2618	2619
2618	4528
2619	2620
2620	4271
2621	2622
2622	3028
2623	4548
2624	2625
2625	4928
2625	3516
2626	2627
2627	2628
2629	3085
2631	4513
2632	2633
2634	3488
2634	3563
2637	2638
2638	2639
2639	2640
2639	3061
2640	3532
2641	2642
2642	2643
2643	4424
2644	2645
2644	4158
2645	2646
2646	3262
2646	2667
2646	3580
2647	2648
2647	4242
2648	3879
2650	2651
2651	2652
2651	3260
2652	2653
2653	2654
2654	2655
2655	2656
2656	2657
2660	2661
2661	2662
2663	2664
2664	2665
2665	2666
2666	2667
2669	2670
2670	2671
2671	3529
2672	2673
2673	2674
2674	3779
2675	3651
2676	2677
2676	3006
2676	3523
2677	2678
2677	4100
2678	2679
2679	2680
2680	4000
2681	2848
2681	3050
2683	4003
2684	2685
2685	3127
2685	4294
2686	2687
2688	2689
2689	3740
2691	2692
2691	4255
2694	2695
2695	2696
2696	2697
2697	4376
2698	3134
2698	3734
2699	2700
2700	4505
2704	2705
2704	4803
2705	4810
2706	3759
2706	4384
2707	4085
2708	2709
2709	3831
2710	2711
2711	2712
2712	2713
2712	3550
2713	2714
2714	2715
2714	2768
2715	4826
2716	2717
2717	2718
2717	4523
2719	2890
2720	2721
2720	2801
2721	2722
2722	4550
2724	4057
2725	2726
2726	2727
2727	2976
2727	4126
2728	2867
2728	3901
2728	4102
2729	2730
2730	2731
2730	2752
2731	2788
2732	2733
2732	3019
2734	4910
2735	2736
2736	3982
2737	4469
2738	3830
2739	3591
2740	2741
2740	4081
2741	3748
2742	2743
2742	3815
2743	2744
2743	3253
2744	2745
2745	4818
2746	3268
2747	2748
2748	2749
2748	3218
2749	2750
2750	3930
2751	2752
2754	2755
2754	4287
2756	4534
2757	4117
2758	2759
2759	2760
2760	3438
2761	4370
2762	3999
2764	2765
2765	2766
2767	3565
2769	2782
2770	2771
2771	2772
2772	2773
2772	4148
2774	2775
2774	4457
2775	4222
2776	2777
2777	2778
2777	3040
2778	2779
2779	2780
2780	4649
2781	3255
2781	2783
2782	2783
2782	3281
2783	3613
2784	4865
2785	2786
2786	3465
2786	4288
2787	3093
2788	2789
2789	2790
2790	2791
2791	2792
2792	2793
2793	2794
2794	4912
2795	2796
2795	4364
2796	2797
2797	3529
2798	2799
2799	2800
2800	2801
2801	3469
2802	2803
2804	2805
2804	3315
2805	2806
2806	2807
2806	4562
2807	4261
2808	3767
2810	2811
2811	3581
2812	2813
2813	3456
2813	4948
2814	2815
2815	2832
2815	4387
2816	2817
2817	3612
2818	4990
2821	2822
2822	2823
2824	2825
2825	2826
2826	4108
2828	2829
2829	2830
2831	3606
2831	3866
2833	3574
2834	2835
2836	3578
2838	2839
2838	3881
2839	2840
2839	4184
2840	2841
2843	2844
2844	2845
2846	2847
2847	2848
2848	2849
2849	3285
2851	3876
2853	2854
2854	4774
2854	3497
2855	3771
2855	3595
2857	2858
2858	3996
2858	4886
2859	2860
2860	2861
2860	3772
2861	3511
2861	3961
2862	2877
2862	4365
2863	2864
2863	3760
2865	2866
2868	2869
2869	2870
2870	3484
2871	3200
2872	3346
2873	4465
2875	2876
2876	2877
2878	2879
2878	4794
2879	2880
2880	4234
2881	2882
2882	2883
2883	2884
2884	2885
2888	3746
2889	2890
2889	3270
2891	2892
2893	3914
2896	2897
2898	2899
2899	4305
2900	2901
2900	2906
2901	3901
2903	3274
2904	4935
2907	2908
2909	2910
2910	4703
2910	3670
2911	4812
2911	4369
2911	4903
2912	4614
2913	3296
2914	4835
2915	2916
2917	2918
2918	4408
2920	2921
2921	2922
2922	3992
2923	2924
2924	3170
2925	2926
2926	2954
2926	3305
2926	4651
2927	2928
2928	2929
2928	4023
2929	2930
2930	2931
2930	2971
2930	4002
2931	2932
2932	2933
2933	2934
2934	4180
2935	3305
2935	4933
2936	2937
2937	3765
2938	3073
2939	3560
2940	2941
2941	2942
2942	2943
2943	3135
2945	2946
2945	4366
2946	4323
2947	2948
2948	2949
2949	4020
2950	2951
2951	2952
2952	3151
2954	4236
2954	3382
2955	2956
2956	3838
2956	4125
2957	2958
2958	2959
2959	3135
2959	3021
2960	2961
2961	2962
2961	3938
2962	3903
2963	2964
2964	4401
2966	2967
2967	2968
2968	2969
2969	2970
2970	3654
2972	2973
2974	2975
2975	2976
2977	2978
2979	2980
2982	2983
2983	2984
2984	2985
2984	3333
2985	2986
2985	3481
2986	3781
2987	2988
2988	4108
2989	3890
2990	2991
2991	2992
2991	4863
2994	2995
2995	2996
2995	4308
2995	4713
2997	2998
2997	4262
2998	2999
2998	3870
2999	3800
3000	3001
3001	3002
3002	3003
3003	3004
3004	4647
3007	4503
3008	4908
3010	3011
3011	3628
3011	3566
3011	4800
3014	3015
3015	3016
3016	3525
3017	4867
3017	3344
3022	3023
3027	3028
3029	3030
3031	3032
3032	3033
3033	3034
3034	3035
3035	4405
3036	3037
3036	4456
3037	4768
3038	3734
3039	3298
3042	4877
3044	3045
3045	3046
3046	3047
3047	3048
3048	3049
3049	4030
3049	3477
3053	3054
3054	3055
3055	3056
3056	3057
3060	4396
3060	3173
3062	3063
3063	3485
3064	3065
3065	3066
3067	3068
3068	3705
3069	3070
3069	4367
3070	3461
3071	3072
3072	3073
3074	4876
3076	3077
3078	3079
3079	3293
3080	4667
3082	3083
3083	3199
3084	3085
3084	3791
3085	3086
3087	3088
3089	3090
3091	3092
3092	3093
3093	3094
3093	3954
3093	4449
3095	3096
3096	3097
3097	3098
3097	4494
3098	3765
3099	3100
3100	3101
3101	3102
3104	3105
3105	3106
3106	3107
3108	3109
3109	4955
3109	4032
3110	3111
3110	3704
3111	3112
3112	4781
3113	3114
3116	3117
3116	4443
3119	3120
3120	3121
3121	3122
3121	4508
3122	3123
3123	3124
3124	3125
3125	3126
3126	3127
3127	4469
3127	3730
3127	4848
3129	3130
3130	3131
3133	3134
3136	3137
3136	4988
3137	3138
3138	3139
3139	3140
3140	3141
3141	4037
3141	3913
3143	3144
3144	3145
3145	3146
3146	4455
3146	4331
3147	3148
3148	3149
3149	4887
3150	3151
3150	4169
3152	3153
3153	3154
3154	3155
3156	4105
3157	3158
3158	3159
3159	3160
3160	4234
3161	3162
3164	3165
3166	4099
3167	3168
3168	4008
3169	3575
3171	3172
3174	3175
3175	3176
3176	3177
3177	3178
3178	4951
3179	3180
3180	3181
3182	3183
3186	3187
3187	3188
3188	3189
3189	3190
3190	3191
3191	4178
3192	3193
3193	4256
3194	3498
3195	3733
3195	4711
3198	4748
3199	4118
3201	3241
3202	3203
3202	4433
3202	4976
3203	3204
3204	3205
3205	3206
3206	3207
3207	3208
3207	3719
3208	3209
3209	3210
3210	3211
3210	4770
3211	3212
3212	3213
3213	3214
3214	3215
3215	3600
3216	3217
3217	3681
3219	3220
3220	3221
3221	3222
3221	4693
3223	3224
3224	3225
3225	4852
3227	4523
3228	3248
3228	3843
3229	3230
3231	3232
3232	4120
3233	3234
3234	3235
3235	3236
3237	4805
3238	3239
3239	3240
3242	3243
3243	3244
3244	4906
3245	3699
3246	4928
3248	3249
3249	3250
3251	3252
3251	4959
3252	4626
3254	3255
3255	3256
3258	3853
3259	4546
3259	4676
3261	3262
3263	3264
3265	3266
3266	3267
3267	3268
3269	3270
3271	3272
3273	4946
3274	3275
3276	3277
3277	4762
3278	3279
3279	3280
3280	3281
3280	4599
3282	3283
3283	3447
3284	3285
3285	4232
3286	3287
3287	4654
3288	3289
3289	3290
3290	4129
3291	3292
3292	3293
3294	3295
3295	4653
3295	4832
3297	3298
3299	3300
3300	3301
3303	3937
3303	4624
3304	4766
3307	3308
3308	3309
3310	3311
3312	3313
3313	3314
3314	4615
3316	3317
3317	3814
3320	3321
3321	3322
3322	3323
3323	3653
3324	3325
3326	3327
3329	3330
3330	3331
3330	3429
3331	3911
3332	3333
3334	3335
3335	3336
3336	3337
3337	3338
3339	3340
3339	4460
3340	3341
3341	3342
3343	3344
3345	3346
3345	4417
3346	3347
3347	3348
3348	3349
3349	4556
3350	4477
3350	4234
3351	3352
3352	3353
3354	3355
3355	3356
3356	3997
3357	3358
3358	3359
3359	3360
3360	3361
3361	3789
3364	3365
3365	3366
3365	3419
3366	4275
3367	3368
3368	3369
3369	3370
3370	3371
3371	3372
3371	3793
3373	4055
3374	4286
3375	3376
3376	3377
3379	3380
3380	3381
3381	3382
3383	3384
3384	4436
3385	3386
3387	3388
3389	3390
3390	3391
3391	3392
3392	3393
3394	3395
3396	3397
3397	3398
3398	3399
3399	3400
3403	3404
3404	3405
3405	3632
3406	3407
3407	3499
3408	4021
3409	3410
3411	4676
3412	3413
3412	3854
3413	3414
3414	3415
3415	3416
3416	3417
3417	3418
3420	4783
3421	3422
3422	4123
3422	4732
3423	4462
3424	3953
3426	3546
3427	4828
3428	3429
3430	3431
3431	4342
3432	3433
3433	3434
3434	4192
3436	3437
3437	4891
3439	3440
3440	3441
3442	4903
3442	3697
3443	3444
3444	4108
3445	4185
3446	4405
3447	3448
3451	3452
3452	4191
3452	4681
3453	3454
3454	3455
3456	3864
3457	3897
3458	4018
3459	3460
3460	3461
3461	3507
3463	3464
3464	4530
3467	3468
3468	4064
3470	3471
3471	3472
3472	3473
3473	3474
3474	4210
3474	3646
3475	3476
3477	3991
3478	3542
3479	3480
3480	3481
3482	3483
3483	3484
3485	3486
3486	3487
3487	3488
3489	3490
3489	4666
3490	3491
3492	3493
3493	3494
3493	3949
3494	3495
3495	3496
3495	4881
3496	3497
3498	4358
3498	4503
3499	3500
3500	3501
3501	3502
3502	3503
3503	3504
3505	4328
3506	3507
3507	4826
3509	3923
3510	3511
3513	3514
3514	3515
3517	3518
3519	4219
3520	4834
3521	3522
3525	3546
3525	3975
3526	3527
3527	4407
3528	4196
3530	4467
3533	3534
3534	3535
3535	3536
3535	4985
3537	4048
3538	3539
3539	3742
3540	3541
3541	3542
3542	3543
3542	4488
3543	3544
3544	3592
3545	4789
3548	3549
3549	3927
3549	4973
3551	4888
3552	3561
3553	3554
3554	3994
3555	3556
3556	3557
3557	3558
3558	4660
3560	4363
3561	3562
3561	4618
3564	3565
3564	4338
3565	3566
3567	3568
3568	3569
3569	3570
3569	3774
3571	3572
3572	3573
3573	4275
3575	3772
3576	3577
3576	4926
3577	3578
3578	3579
3583	3584
3584	4910
3585	3586
3586	3587
3587	3588
3588	3589
3589	3590
3590	3591
3596	4237
3597	4122
3598	3599
3599	3600
3600	3601
3601	3602
3602	3603
3603	4131
3604	3605
3605	3606
3606	3607
3607	4567
3608	3609
3609	3610
3610	3710
3612	3613
3614	3615
3614	3855
3615	4902
3616	3617
3617	3764
3618	3619
3619	3620
3620	4248
3621	4917
3622	3765
3623	3624
3624	3625
3625	3626
3626	3627
3626	4013
3628	3629
3629	3630
3630	3631
3632	3633
3633	4354
3637	3638
3638	4712
3639	3640
3641	3642
3642	3643
3643	3644
3644	3645
3647	3648
3648	3649
3650	3651
3651	4098
3652	3653
3655	3656
3656	4884
3656	4644
3657	3658
3658	3659
3659	4699
3661	3662
3662	3663
3663	3664
3664	3665
3665	3666
3666	3667
3667	3668
3671	3672
3672	3673
3674	4244
3675	3676
3676	3677
3678	3992
3679	3680
3680	3681
3681	3682
3682	3683
3683	3684
3684	4731
3684	4440
3685	4336
3686	3687
3687	3906
3688	3689
3689	3690
3689	4370
3690	3691
3692	3693
3693	4939
3693	4756
3695	4190
3697	3929
3699	3700
3701	3702
3702	3703
3703	3704
3705	3706
3706	3707
3709	4071
3710	4119
3711	3712
3712	3713
3713	4724
3714	3715
3717	4563
3718	3719
3719	4745
3720	3721
3722	3723
3723	3724
3724	3725
3726	3727
3727	3728
3728	3877
3729	3730
3731	3803
3732	3733
3733	3734
3733	4306
3737	4325
3738	3739
3740	3741
3741	3742
3741	4950
3742	4983
3744	3745
3748	3749
3750	3751
3752	3753
3752	4763
3754	3755
3755	3764
3755	4018
3756	3757
3757	3758
3758	4577
3763	3764
3764	3765
3765	4546
3767	3768
3768	3769
3769	3770
3770	3771
3771	4469
3775	3776
3777	3778
3778	3779
3780	3781
3783	3784
3786	3787
3786	4490
3789	4079
3790	3791
3795	4485
3797	3798
3798	4146
3799	3800
3800	3801
3802	3803
3804	3805
3805	3806
3807	3808
3808	3809
3809	3810
3810	4716
3810	4991
3811	3812
3812	3813
3813	3814
3814	3815
3815	3894
3816	3817
3817	4340
3822	3823
3823	3824
3824	3825
3825	3826
3826	3827
3826	4895
3828	4199
3832	3833
3833	3834
3834	3835
3836	3837
3839	3840
3840	3841
3841	3842
3844	3845
3845	3955
3846	3847
3847	3848
3849	3850
3850	3851
3851	3852
3852	3853
3853	4430
3856	3857
3857	3858
3858	3859
3859	3860
3859	4938
3860	3861
3861	4282
3862	4453
3863	3864
3864	3865
3864	4824
3867	3868
3868	3869
3869	3870
3871	4720
3872	3873
3873	4361
3873	4871
3874	3875
3874	4970
3875	4379
3876	3877
3878	3977
3879	4007
3882	3883
3883	3884
3884	3885
3885	3911
3886	3887
3888	3889
3888	4149
3889	3890
3891	3892
3892	3893
3895	3896
3896	3897
3897	3898
3898	3899
3898	4152
3900	3901
3902	3903
3903	3904
3905	3906
3906	4934
3907	3908
3907	4649
3908	3994
3909	4538
3910	4391
3911	4269
3912	3913
3914	3915
3916	3917
3917	3918
3919	3920
3920	3921
3921	3922
3924	3925
3925	3926
3926	3927
3928	3929
3932	4944
3933	3934
3933	4297
3935	3936
3935	4620
3937	3938
3939	3940
3942	3943
3943	4950
3944	3945
3944	4517
3945	3946
3946	3947
3948	3949
3950	3951
3952	3953
3953	3954
3955	3956
3957	3958
3958	3959
3960	3961
3964	3965
3965	3966
3966	3967
3967	3968
3968	3969
3970	3971
3971	3972
3972	3973
3974	3975
3974	4817
3976	3977
3976	4335
3979	3980
3980	3981
3981	3982
3981	4414
3982	3983
3984	4452
3986	3987
3987	3988
3989	3990
3994	3995
3998	3999
3999	4000
4000	4001
4000	4285
4006	4007
4009	4010
4010	4011
4011	4646
4012	4013
4015	4016
4016	4693
4017	4018
4019	4659
4020	4021
4021	4345
4022	4023
4022	4209
4024	4025
4026	4027
4027	4028
4027	4394
4033	4034
4034	4035
4034	4601
4036	4037
4037	4038
4039	4563
4041	4042
4042	4043
4043	4044
4044	4055
4045	4708
4046	4047
4048	4049
4049	4979
4050	4051
4051	4052
4051	4684
4052	4053
4054	4055
4056	4057
4059	4060
4061	4062
4062	4063
4064	4065
4065	4066
4067	4068
4068	4069
4069	4070
4070	4071
4070	4159
4072	4777
4074	4075
4076	4077
4078	4079
4080	4081
4082	4083
4083	4084
4085	4086
4086	4087
4087	4088
4089	4090
4093	4094
4094	4206
4096	4097
4097	4514
4098	4099
4099	4100
4103	4104
4104	4105
4106	4541
4107	4108
4107	4760
4109	4110
4112	4113
4113	4114
4115	4116
4115	4539
4116	4117
4119	4120
4122	4123
4122	4536
4123	4124
4124	4439
4124	4127
4128	4129
4129	4809
4130	4131
4131	4696
4132	4133
4133	4134
4134	4135
4134	4639
4135	4136
4137	4565
4138	4139
4139	4980
4141	4142
4143	4186
4145	4146
4147	4148
4148	4797
4151	4152
4153	4429
4161	4162
4162	4163
4163	4309
4164	4165
4165	4166
4166	4167
4167	4842
4168	4169
4170	4171
4173	4174
4175	4176
4177	4178
4177	4922
4178	4179
4178	4563
4181	4891
4182	4183
4186	4187
4188	4721
4190	4191
4194	4689
4196	4197
4198	4680
4200	4201
4201	4202
4202	4203
4203	4204
4205	4206
4206	4207
4208	4209
4210	4211
4212	4213
4214	4215
4214	4690
4215	4216
4217	4218
4218	4219
4219	4384
4220	4221
4222	4223
4224	4225
4225	4226
4227	4228
4228	4229
4229	4685
4230	4231
4230	4584
4231	4952
4233	4234
4235	4236
4236	4237
4237	4238
4237	4675
4238	4239
4239	4240
4241	4242
4245	4246
4246	4247
4247	4248
4249	4250
4250	4251
4251	4252
4252	4253
4253	4511
4254	4255
4256	4409
4257	4258
4258	4259
4259	4260
4259	4946
4260	4261
4261	4262
4262	4363
4265	4266
4268	4269
4270	4271
4272	4273
4273	4274
4275	4276
4277	4278
4278	4279
4284	4285
4286	4287
4289	4290
4290	4291
4291	4292
4292	4293
4295	4296
4298	4571
4299	4300
4300	4301
4301	4302
4302	4303
4302	4750
4304	4305
4309	4766
4311	4312
4312	4313
4313	4700
4314	4315
4317	4318
4319	4320
4320	4321
4321	4804
4322	4323
4323	4324
4324	4325
4325	4326
4326	4327
4326	4402
4327	4328
4328	4329
4329	4330
4331	4801
4333	4418
4334	4335
4335	4865
4337	4338
4339	4340
4341	4342
4343	4344
4345	4685
4346	4347
4347	4348
4348	4349
4350	4509
4351	4352
4351	4893
4352	4353
4353	4354
4357	4358
4358	4359
4359	4360
4360	4361
4360	4753
4362	4363
4366	4465
4370	4410
4372	4445
4373	4861
4373	4719
4374	4375
4375	4376
4376	4688
4377	4378
4378	4964
4379	4729
4380	4381
4381	4573
4382	4383
4386	4387
4388	4602
4389	4390
4390	4391
4391	4392
4395	4396
4396	4397
4397	4942
4399	4400
4400	4401
4404	4405
4405	4406
4405	4572
4407	4408
4408	4409
4409	4410
4412	4413
4413	4414
4419	4420
4420	4421
4423	4514
4423	4827
4425	4426
4426	4427
4427	4428
4429	4430
4430	4431
4431	4432
4432	4433
4434	4435
4435	4436
4436	4437
4439	4440
4441	4442
4442	4443
4444	4445
4445	4446
4446	4447
4447	4940
4448	4871
4450	4451
4451	4452
4451	4686
4452	4453
4454	4455
4454	4499
4455	4456
4459	4888
4461	4462
4464	4710
4466	4467
4466	4812
4467	4468
4470	4471
4471	4472
4473	4474
4474	4475
4475	4476
4475	4997
4477	4478
4477	4667
4478	4980
4479	4480
4481	4482
4482	4483
4483	4484
4484	4521
4485	4486
4486	4487
4487	4488
4489	4490
4491	4492
4495	4496
4496	4497
4497	4597
4498	4499
4501	4502
4504	4505
4506	4507
4507	4508
4509	4549
4511	4512
4512	4513
4513	4514
4516	4517
4517	4876
4518	4519
4519	4520
4520	4905
4522	4523
4524	4525
4525	4526
4527	4528
4529	4530
4533	4534
4534	4535
4535	4536
4537	4538
4540	4541
4543	4544
4547	4823
4551	4552
4552	4553
4553	4554
4554	4661
4555	4556
4556	4557
4557	4558
4558	4559
4559	4560
4560	4561
4561	4622
4565	4566
4566	4567
4567	4653
4568	4569
4571	4572
4573	4574
4574	4575
4575	4576
4576	4577
4577	4578
4578	4579
4581	4582
4582	4583
4587	4588
4588	4589
4589	4590
4592	4795
4595	4596
4596	4597
4598	4599
4600	4601
4603	4604
4604	4961
4605	4606
4607	4608
4608	4609
4609	4610
4610	4611
4610	4741
4612	4613
4617	4618
4622	4623
4625	4626
4626	4627
4628	4629
4629	4853
4631	4632
4632	4633
4633	4634
4635	4932
4637	4638
4638	4639
4640	4641
4640	4740
4641	4642
4643	4644
4645	4646
4648	4649
4650	4651
4652	4653
4654	4655
4656	4657
4656	4792
4659	4660
4660	4661
4662	4663
4663	4664
4664	4665
4665	4666
4668	4669
4669	4670
4670	4671
4671	4672
4671	4689
4672	4673
4673	4674
4674	4675
4678	4679
4679	4680
4680	4681
4682	4683
4683	4684
4688	4689
4692	4693
4694	4695
4695	4696
4697	4698
4698	4699
4700	4701
4703	4704
4704	4705
4705	4706
4706	4952
4707	4708
4708	4709
4709	4710
4712	4713
4715	4716
4717	4718
4722	4794
4723	4724
4724	4725
4726	4727
4727	4728
4730	4731
4735	4736
4736	4737
4737	4738
4738	4739
4739	4740
4743	4744
4744	4745
4746	4747
4747	4748
4748	4749
4751	4752
4754	4755
4755	4756
4757	4758
4758	4759
4759	4760
4762	4829
4766	4767
4767	4768
4769	4866
4772	4773
4775	4776
4776	4777
4778	4779
4779	4780
4780	4781
4781	4782
4782	4783
4783	4784
4784	4785
4788	4789
4789	4790
4790	4791
4791	4792
4793	4794
4795	4796
4799	4800
4802	4803
4804	4910
4806	4807
4807	4808
4808	4809
4809	4810
4811	4812
4813	4814
4816	4817
4818	4819
4819	4820
4820	4821
4820	4951
4825	4826
4829	4830
4830	4831
4833	4834
4837	4838
4838	4839
4839	4840
4840	4841
4841	4842
4843	4844
4844	4845
4845	4846
4846	4847
4847	4848
4849	4850
4851	4852
4855	4856
4857	4858
4858	4859
4861	4862
4864	4865
4868	4869
4869	4870
4870	4871
4872	4873
4873	4874
4875	4876
4880	4881
4882	4883
4883	4884
4885	4886
4887	4888
4888	4889
4889	4890
4890	4891
4892	4893
4894	4895
4896	4897
4897	4898
4899	4900
4909	4910
4912	4913
4913	4914
4914	4915
4915	4916
4916	4917
4919	4920
4921	4922
4923	4943
4927	4928
4929	4930
4930	4931
4931	4932
4932	4933
4936	4937
4937	4938
4939	4940
4940	4941
4941	4942
4945	4946
4949	4950
4953	4954
4954	4955
4955	4956
4956	4957
4958	4959
4960	4961
4962	4963
4963	4964
4964	4965
4966	4967
4967	4968
4968	4969
4969	4970
4971	4972
4978	4979
4979	4980
4981	4982
4982	4983
4983	4984
4986	4987
4987	4988
4989	4990
4992	4993
4993	4994
4995	4996
4996	4997
4998	4999
4999	5000
