1	5000
1	1288
1	1505
2	3
2	929
3	5
3	321
3	3726
4	5
4	3820
5	6
5	7
5	2598
5	4416
6	7
6	1465
7	8
7	3765
7	4418
8	10
8	3457
9	4478
9	236
9	3971
10	11
10	1855
10	2495
10	2282
11	12
11	2053
11	2327
12	13
12	14
13	14
13	15
13	811
14	15
14	16
15	17
15	1555
16	17
16	18
17	19
17	4735
18	19
18	20
18	2081
19	20
19	21
19	2030
20	21
20	22
21	22
21	1289
21	2276
22	24
22	4742
23	1765
23	1098
24	26
24	2632
24	915
24	983
25	27
25	2693
25	3240
26	27
26	28
26	1220
27	29
27	1739
27	2021
28	777
28	3277
28	2326
29	30
29	31
29	1837
30	31
30	32
30	4665
31	32
31	706
32	33
32	107
32	2305
32	262
32	2345
33	34
33	35
33	976
33	904
34	36
34	3881
35	4234
35	2127
36	37
36	1117
37	38
37	39
38	40
38	4258
38	4697
38	2758
38	3847
39	40
39	41
39	2763
39	295
39	1373
40	41
40	1664
41	42
41	43
41	2907
42	44
42	1003
43	45
43	4335
43	2059
44	46
44	1007
45	46
45	3246
45	3037
46	48
46	1034
46	4812
47	48
47	49
48	49
48	50
49	173
49	3373
50	51
50	2251
51	4748
51	3569
51	2584
52	53
52	3629
53	55
53	2512
54	55
54	1091
54	3263
55	56
55	3556
55	3051
56	57
56	2423
57	1427
57	1009
57	4013
57	1312
58	60
58	1531
59	1116
59	852
59	4191
59	2755
59	3504
60	62
60	2968
60	3735
60	1386
61	4374
61	85
61	1733
61	3311
62	64
62	389
62	2236
62	115
62	3866
63	65
63	113
63	2292
64	2197
64	4479
65	66
65	67
65	696
66	67
66	68
66	1610
67	246
67	2479
67	2220
68	69
68	4422
69	70
69	4034
70	71
70	72
71	4552
71	3493
72	74
72	3877
72	3059
73	75
73	2085
73	2606
74	75
74	2639
75	3860
75	2149
75	354
76	3842
76	3183
76	4454
76	2050
77	78
77	79
77	363
77	1110
77	2770
78	79
78	80
78	1366
78	1712
78	2042
79	954
79	2658
79	1835
79	147
80	3070
80	2912
80	2522
81	82
81	2369
81	3368
81	525
82	83
82	251
83	932
83	2334
83	4622
83	1893
84	85
84	222
85	87
85	4151
86	3584
86	3101
86	4414
86	1141
86	2416
87	2068
87	3051
87	2585
88	90
88	2798
88	1385
89	90
89	3004
89	4956
89	3574
90	92
90	2497
91	92
91	3758
91	3982
91	2098
92	94
92	3308
93	1410
93	4653
93	1575
94	120
94	1569
94	2238
94	4530
95	96
95	1708
95	124
96	97
96	4113
96	2561
97	2661
97	244
98	100
98	3380
98	1144
98	3966
98	4486
99	101
99	2734
99	2529
100	102
100	2762
100	4475
101	102
101	103
101	2648
101	423
102	103
102	104
102	1104
103	105
103	1710
103	3523
104	106
104	3173
104	1233
105	106
105	2056
106	4394
106	4120
106	2563
106	171
107	109
107	1626
108	3059
108	1345
109	2186
109	2819
109	765
110	111
110	4942
111	112
111	113
111	413
111	2399
111	4848
112	114
112	1559
113	3880
113	3740
114	116
114	4430
114	3195
114	839
115	116
115	3126
115	3451
116	117
116	118
116	3113
116	2478
117	118
117	1966
117	3975
118	119
118	1981
118	4539
118	1605
118	3303
119	1891
119	3796
119	2060
120	122
120	1992
121	122
121	1895
121	2573
121	642
121	815
122	123
122	2066
122	4062
123	3858
123	2797
123	1536
123	3838
124	4609
124	3438
124	623
124	1379
124	3344
125	127
125	664
125	1940
126	4447
126	1417
127	128
127	3592
127	3290
127	1257
128	4068
128	1675
129	2037
129	398
129	1529
129	2275
129	1438
129	4732
130	132
130	492
130	567
131	133
131	1528
132	133
132	302
133	957
133	1179
133	1779
133	2252
133	3562
134	135
134	1325
135	137
135	1759
136	137
136	3957
137	3952
137	3805
137	961
138	139
138	140
138	1857
138	1561
139	140
139	3593
139	3784
140	141
140	2128
140	1207
141	2913
141	160
142	143
142	4276
143	2310
143	3685
144	146
144	4285
145	147
145	928
146	3645
146	597
147	3590
148	150
148	309
148	369
148	4134
149	151
149	1899
149	691
150	152
150	3344
150	1002
151	152
151	3966
151	431
152	154
152	1975
152	3498
153	155
153	2719
153	2200
154	155
154	1429
155	1257
155	1973
156	157
156	158
156	694
157	3736
157	2644
157	2618
157	3552
158	159
158	459
159	160
159	3941
159	1266
159	4758
160	3668
160	4483
160	635
161	162
161	163
161	4764
162	164
162	4106
162	1482
162	2620
162	4550
163	164
163	609
164	165
164	166
165	166
165	167
165	2393
165	4716
166	485
166	2711
167	168
167	606
167	3729
168	169
168	3208
169	171
169	4093
169	3327
170	171
170	1024
171	3625
171	2079
172	173
172	3539
172	1320
172	1434
172	1974
173	175
173	386
173	3224
174	175
174	176
174	3940
174	3449
175	177
175	4813
176	177
176	3243
176	2988
177	179
177	3373
177	2753
177	3988
178	4471
178	4526
178	1418
178	1016
179	180
179	181
179	2972
180	850
180	2430
180	4004
180	1192
181	183
181	767
181	4895
182	4579
182	465
182	599
182	2570
182	1610
183	185
183	1096
183	3708
183	4918
184	185
184	186
184	1600
185	186
185	187
186	187
186	700
186	1159
186	2017
187	189
187	2053
188	189
188	190
188	3093
189	190
189	191
190	192
190	3104
191	1128
191	3963
192	193
192	2076
192	3045
192	3135
192	4003
193	194
193	195
194	195
194	4160
195	196
195	197
196	3205
196	3611
197	198
197	1307
197	2127
197	4255
198	199
198	200
199	201
199	2704
199	3824
200	3921
200	316
200	1634
200	4071
201	202
201	203
201	1785
201	4772
202	3885
202	2137
203	2269
203	4750
203	2288
204	3726
204	820
205	206
205	3541
206	207
206	2681
207	3677
207	736
207	2508
207	2945
208	1229
208	4224
209	210
209	3827
209	223
210	211
210	3676
210	3864
210	4457
210	3918
211	212
211	213
211	1462
211	4035
212	2260
212	3532
213	1939
213	663
213	1900
214	216
214	353
215	217
215	2280
215	4377
216	217
216	2697
217	219
217	1060
218	1317
218	931
219	220
219	221
219	632
219	2132
219	2899
220	324
220	1041
221	222
221	4294
222	1245
222	918
222	1422
223	225
223	826
223	3212
224	225
224	226
225	227
225	577
225	1257
226	228
226	337
227	228
227	229
227	2891
228	4344
228	333
228	4729
228	3294
229	230
229	3368
230	232
230	3637
231	233
231	2934
231	1276
231	3577
232	234
232	3163
233	235
233	2916
234	235
234	236
235	237
235	1271
236	3042
236	4218
237	238
237	3652
237	3271
238	239
238	4844
238	563
238	798
239	240
239	4996
240	241
240	994
240	2992
240	3155
240	3672
240	2785
240	3463
241	242
241	4521
242	244
242	1808
243	245
243	2644
243	1739
243	3508
244	245
244	2360
245	247
245	1674
246	247
246	573
246	4283
247	249
247	4094
248	250
248	2616
249	251
249	370
249	652
249	903
250	251
250	252
251	1470
251	3613
252	1993
252	2410
252	1407
253	255
253	1150
254	255
254	2937
254	2204
255	3520
255	4520
256	4191
256	632
256	988
256	1550
257	677
257	376
258	259
258	260
258	4049
259	261
259	961
259	2090
260	378
260	4137
260	4744
260	3411
260	2694
261	3515
261	4463
261	3618
262	4944
262	1994
262	2943
262	4109
263	4649
263	1266
264	265
264	2331
264	4178
264	2893
264	3288
265	266
265	267
266	268
266	4821
267	268
267	2797
267	2000
267	4781
268	269
268	270
268	1358
268	2621
269	4274
269	4873
270	271
270	3514
270	979
270	4718
271	272
271	273
272	273
272	2069
272	4737
272	2852
273	275
273	4070
274	275
274	3578
274	2234
275	276
275	1482
276	277
276	1225
276	4557
276	1204
277	279
277	2908
278	279
278	1593
279	280
279	281
279	4079
280	281
280	2306
280	3339
281	282
281	283
282	3779
282	2036
283	284
283	2592
283	3586
284	285
284	286
284	873
284	3503
285	286
285	287
285	2760
285	4511
285	4649
286	288
286	2483
287	289
287	610
287	321
288	1053
288	4772
288	3398
289	922
289	2243
289	3022
289	4540
289	2707
290	292
290	1463
290	1788
291	293
291	2189
292	294
292	2302
293	294
293	295
293	432
293	1219
294	2029
294	1029
295	296
295	1130
295	2473
296	297
296	2444
296	2282
297	298
297	3044
298	299
298	3898
298	3344
299	301
299	352
299	4089
300	301
300	2099
300	2740
301	302
301	4315
302	303
302	3532
302	944
303	304
303	305
304	305
304	856
305	1517
305	3716
306	2086
306	4569
306	4990
307	309
307	903
308	4039
308	736
308	1912
309	310
309	311
309	3330
310	312
310	4996
310	3480
311	312
311	4748
311	2018
312	313
312	2447
312	3826
312	933
313	314
313	3994
313	2841
314	315
314	316
315	316
315	317
316	318
316	3648
316	4264
317	318
317	3738
317	3293
317	4537
318	319
318	3699
318	2437
319	320
319	527
319	2916
320	321
320	322
320	3450
321	1513
322	323
322	324
322	2432
322	1473
322	1649
323	324
323	3171
323	3662
324	325
324	326
324	3800
325	327
325	2415
326	4706
326	1651
326	4062
326	1528
327	3731
327	4536
327	4498
327	1949
328	329
328	330
328	4339
329	330
329	331
329	1986
330	331
330	332
331	3733
331	1750
331	705
332	333
332	526
332	1320
333	2643
333	3977
333	3059
334	336
334	4459
335	337
335	1362
335	667
336	338
336	3510
336	1126
336	3123
337	339
337	2055
337	3939
338	339
338	340
339	340
339	341
340	342
340	2410
341	343
341	1270
341	2095
341	4466
342	344
342	4852
342	520
343	345
343	2759
343	959
343	3517
343	1490
344	345
344	4290
344	3320
345	346
345	3007
346	1400
346	3533
346	3985
347	348
347	3260
348	349
348	1530
349	350
349	2788
349	3532
349	3592
350	4962
350	3063
351	4694
351	1979
352	353
352	3373
352	2506
352	2986
353	354
353	355
353	3021
354	355
355	356
355	357
356	357
356	1556
356	2200
357	359
357	2242
357	381
357	658
357	4496
358	2753
358	3023
358	1113
358	680
358	4264
359	361
359	464
359	823
359	3487
359	4016
360	362
360	2732
361	2586
361	974
362	363
362	1672
363	1635
363	2760
363	966
364	365
364	366
365	3985
365	2252
365	2921
365	2977
366	367
366	368
366	1091
366	3783
366	4919
366	3266
367	368
367	369
367	2494
368	370
368	2962
369	371
370	1773
370	4385
371	372
371	688
371	2234
371	4203
372	374
372	1375
372	2484
372	4906
372	2474
373	374
373	4211
374	376
374	3632
375	2894
375	3936
376	377
376	1682
376	4509
376	2785
376	552
377	378
377	379
377	1099
378	379
378	380
379	381
379	3438
379	660
380	382
380	1344
380	4624
381	383
381	2291
381	4782
381	4695
382	383
382	4952
382	628
383	385
383	1609
383	3991
384	385
384	583
384	1400
384	1651
384	4412
385	3434
385	2256
385	4831
385	1310
386	2432
386	2489
387	388
387	389
387	4479
388	389
388	709
389	390
389	4406
389	906
389	1534
390	391
390	392
390	1274
390	581
391	2526
391	1776
391	3373
392	394
392	3254
393	394
393	2107
393	2663
394	395
394	396
395	619
395	4488
395	1516
395	2144
396	397
396	4936
397	398
397	1161
397	4403
398	400
399	400
399	401
400	2198
400	4397
400	1896
401	402
401	403
401	2554
402	403
402	4470
402	1242
403	405
403	4343
404	405
404	1413
404	1909
404	4745
405	406
405	2058
405	1203
406	407
406	3933
406	470
407	4380
407	1807
407	4526
408	3772
408	2598
409	410
409	411
409	3313
410	411
410	412
411	3088
411	4672
412	413
412	414
412	1837
413	684
413	1831
413	2354
413	3989
414	416
414	4023
414	4039
415	417
415	4309
415	2530
416	417
416	418
417	1617
417	3591
418	419
418	420
419	1722
419	2969
419	827
419	3177
420	422
420	970
420	2206
420	2855
421	1306
421	4153
422	423
422	4759
422	2427
423	424
424	2932
424	823
425	426
425	427
425	4616
426	2940
426	1550
426	2825
427	428
427	859
428	429
428	1401
428	1798
429	430
429	431
429	998
429	4449
430	431
430	432
430	3008
431	432
432	434
432	813
433	4406
433	1309
433	1318
434	435
434	436
434	1776
434	4879
434	507
435	436
435	3686
435	1740
435	2552
436	437
436	438
436	931
437	439
437	2787
438	1887
438	2870
438	1937
438	3128
438	3440
439	440
439	441
439	3447
439	2040
439	2566
439	3950
440	441
440	3817
440	4920
440	3840
441	4783
441	3799
441	2483
442	443
442	444
442	519
442	2031
442	4344
443	445
443	4144
443	672
444	2509
444	876
444	2630
444	630
445	4671
445	864
445	3130
445	4734
446	4366
446	3609
447	448
447	449
448	4235
448	3073
449	451
449	3236
449	2467
449	4028
449	1778
450	451
450	4459
450	3089
450	653
451	452
451	4533
451	4715
451	547
451	3620
452	4558
452	2635
452	3771
453	454
453	3056
453	3915
454	456
454	1911
455	456
455	457
456	458
456	1894
456	1822
456	3754
457	1517
457	875
457	3629
457	3932
458	459
458	2307
459	3182
459	3430
459	3454
459	1359
459	3004
460	2059
460	3519
460	3133
460	871
460	2211
460	2239
460	2884
461	462
461	3269
462	463
462	464
462	3877
463	465
463	519
463	3180
463	4610
464	466
464	2830
464	749
465	467
466	467
466	468
466	1598
467	3435
467	780
467	4293
467	1837
468	469
468	470
468	1780
468	2148
468	2575
469	471
469	3277
469	4691
470	4166
470	4363
470	3464
471	472
471	473
472	473
472	474
473	474
473	475
473	3721
474	475
474	4051
475	476
475	477
475	883
476	478
476	3509
476	755
477	2049
477	2067
477	1410
478	480
478	3466
478	2136
478	1274
479	481
479	4767
479	4873
480	1059
480	2884
480	4057
480	2883
481	482
481	1563
481	1007
482	483
482	484
482	1386
482	1557
483	484
483	1921
483	2142
484	485
484	1436
485	486
485	2851
485	2775
486	487
486	488
487	488
487	4393
487	2437
488	489
488	4254
488	2955
489	490
489	3399
489	2204
489	3912
490	2389
490	4256
491	492
491	493
491	593
492	494
492	3003
493	495
493	1471
493	1134
494	495
494	2913
495	497
495	3908
495	2422
496	497
496	498
497	498
497	3682
498	499
498	3544
499	501
499	4059
500	501
500	747
500	1468
500	1111
501	502
501	503
502	504
502	1850
502	812
503	504
503	3760
503	4122
503	1729
504	505
504	506
504	2668
505	506
505	507
505	807
506	507
506	4508
507	508
507	730
507	1875
508	509
508	510
509	510
509	2907
509	3016
510	511
510	512
511	4805
511	553
511	3809
511	2392
511	2831
511	4471
512	513
512	3891
512	1517
512	2438
513	514
513	523
513	2840
513	4969
514	516
514	2212
514	1120
514	3708
515	516
515	517
516	517
516	518
517	4778
517	2700
517	1470
517	4247
518	519
518	520
519	4394
520	522
521	523
521	1877
521	3065
522	523
522	524
523	3313
523	2526
524	525
524	526
524	2246
525	526
525	1004
525	2964
525	3426
526	601
526	3635
526	4194
527	4934
527	2996
528	530
528	3915
529	530
529	1180
530	531
530	3209
531	532
531	703
532	534
532	1304
533	534
533	535
534	535
534	2229
534	2300
535	1447
535	1783
535	2339
536	537
536	792
536	3591
537	4570
537	4720
537	4756
537	1153
538	539
538	4141
538	3422
538	2335
539	541
539	3548
540	542
540	1195
541	3639
541	4919
542	544
542	4344
542	1962
542	2858
542	3831
543	544
543	545
543	3746
543	4087
544	1820
544	1311
544	4400
545	4373
545	4315
545	1892
545	3978
546	547
546	4902
546	3299
547	548
547	1734
548	549
548	550
548	2849
548	3024
549	550
549	551
549	2589
549	3116
549	4686
549	3233
550	551
550	552
550	2332
551	552
551	553
552	553
552	3263
553	4716
553	1500
554	555
554	1712
554	1750
554	2911
555	3730
555	976
556	557
556	558
556	1576
556	3085
557	558
557	559
557	4171
557	1116
558	762
558	3720
558	1414
558	2077
558	3887
559	560
559	561
559	2192
560	3642
560	2819
560	3306
561	563
561	1447
561	1719
562	564
562	3504
562	4433
562	4471
562	3631
563	564
563	4094
564	566
564	3763
565	566
565	567
565	4208
566	568
566	1969
567	4311
567	2483
568	2481
568	861
568	3330
569	570
569	2919
570	1574
570	618
571	573
571	3085
571	3561
572	573
572	590
572	3495
572	1037
573	3831
574	576
574	2055
574	3287
575	577
575	4485
576	1004
576	1450
577	579
577	2172
577	1001
577	4574
578	579
578	2316
578	4953
579	580
579	3392
579	1847
579	2925
580	582
580	2483
580	2487
580	1200
581	3496
581	1485
582	583
582	584
582	2955
583	585
583	3622
583	3350
584	586
584	2394
585	586
585	587
585	1551
586	587
586	588
586	2722
587	2720
587	3339
587	3072
588	1447
588	900
588	1010
588	3506
589	591
589	1115
589	990
590	1946
591	592
591	593
591	2072
592	594
592	1437
592	1549
592	3008
593	4262
594	595
594	596
595	597
595	3595
595	3305
595	4221
596	597
596	598
596	1742
597	599
597	1173
597	605
598	599
598	600
599	2945
600	1039
600	4510
600	2482
600	2405
601	2307
602	604
602	1470
602	1217
603	604
603	605
603	4896
604	606
604	4664
604	854
604	1527
604	2122
605	606
605	3245
606	623
606	4425
606	846
606	4520
607	609
607	3077
607	839
608	610
608	3567
608	1603
608	4949
609	610
609	1450
610	611
610	612
610	2846
611	613
611	4856
611	789
612	853
612	2292
613	614
613	4322
614	615
614	616
614	3337
615	616
615	617
615	2801
616	617
616	2116
617	618
617	619
618	620
618	4498
618	3923
619	620
619	621
620	621
620	1174
621	622
621	623
622	623
622	624
622	1607
623	1737
623	1041
623	4380
623	4975
623	4633
624	1544
624	2177
624	4453
624	3151
625	626
625	2102
625	3799
626	627
626	1434
626	1284
627	628
627	629
628	629
628	3011
629	630
629	631
629	3465
630	4648
630	2525
630	4759
630	1204
631	633
631	1442
632	4256
633	634
633	635
633	3523
633	4025
634	636
634	1026
635	636
635	1908
635	3547
636	637
636	638
636	2151
636	4284
636	4381
637	638
637	4826
637	1479
638	640
638	1966
639	640
639	2089
639	1997
640	641
640	1543
640	2346
640	2519
641	642
641	643
641	2797
642	643
642	644
643	644
643	645
643	3690
643	2989
644	645
644	646
644	651
645	646
645	647
645	4811
646	647
646	3158
647	649
647	1126
647	4433
648	649
648	2979
649	651
649	2269
649	2397
650	974
650	2687
650	1513
651	652
651	968
652	4271
652	3952
653	654
653	2662
653	3401
653	4036
654	655
654	656
654	2840
655	657
655	3161
656	657
656	658
656	1079
656	1754
656	2574
657	658
657	659
657	2753
658	4667
658	1052
659	660
659	4584
660	661
660	2936
661	663
661	2699
662	663
662	664
663	665
663	4083
664	1043
664	1512
665	667
665	2536
665	1432
666	668
666	2207
666	1660
666	4832
667	668
667	1793
667	2567
668	1854
668	1497
668	3168
669	671
669	2100
669	2120
670	671
670	4810
670	3115
671	673
671	4789
671	3614
672	2333
673	675
673	1020
673	1418
673	2786
674	2828
674	1881
674	1200
675	4722
675	4005
676	874
676	2571
677	678
677	4268
678	680
678	2128
678	1227
678	2952
679	681
679	3543
679	2363
679	2721
679	4972
680	2375
680	766
680	4694
681	682
681	683
681	4252
681	4958
682	683
682	684
682	1988
683	684
683	685
683	4094
683	4435
684	685
684	4668
685	686
685	4139
686	688
686	4897
687	688
687	4165
688	3810
689	697
689	4398
689	3192
690	691
690	3287
691	3080
692	694
692	4110
692	1815
693	4149
693	2102
693	4630
694	695
695	696
695	2536
696	2211
697	698
697	4653
697	2860
697	4974
698	1371
698	904
699	700
699	3522
700	889
701	702
701	2226
701	3987
701	3069
701	2385
702	703
702	1406
703	704
703	2009
703	4065
703	1388
703	1336
704	706
704	4233
704	2894
704	4152
704	3853
704	4570
705	706
706	707
706	708
706	3174
706	3969
707	708
707	1668
708	710
708	1107
708	2331
709	710
709	711
709	4936
710	712
710	3127
710	3138
711	713
711	3428
712	714
712	1791
712	914
713	714
713	715
714	2058
714	2819
715	717
715	4460
715	1545
716	717
716	1770
716	4597
716	2342
717	718
717	3663
718	720
718	2382
719	720
719	2591
719	2208
719	2420
720	721
720	722
721	722
721	723
721	1068
722	724
722	2197
723	725
723	2167
724	725
724	726
725	4679
725	2341
725	1692
725	2037
725	4409
726	727
726	4432
727	729
727	4053
727	3490
727	2973
728	729
728	730
729	731
729	4258
730	732
731	732
731	733
732	734
732	3304
732	2952
733	734
733	735
733	3652
734	1512
734	4335
734	4019
735	736
735	737
736	3734
736	4487
736	4822
736	2810
737	738
737	739
737	1387
737	1557
738	740
738	4439
739	740
739	741
739	3667
739	3152
740	741
740	2972
741	743
741	1824
742	1844
742	877
743	745
743	4351
744	745
744	746
744	2128
744	4769
745	746
745	1304
745	1316
745	2195
746	748
746	2977
746	2489
747	749
748	749
748	2345
748	3546
749	4340
749	4423
749	2680
750	752
750	764
750	2718
751	752
751	753
752	2422
752	3630
753	754
753	755
753	2292
754	756
754	789
755	4270
755	1212
756	758
756	3084
757	1244
757	899
757	1297
758	759
758	2693
758	3616
758	3270
759	760
759	2707
760	761
760	1178
761	762
761	763
762	763
762	4177
762	1816
763	1728
763	826
764	766
764	4720
764	1954
764	4417
765	766
765	890
766	767
766	1135
766	3464
766	4492
767	768
767	769
767	3521
767	2338
768	769
768	2540
768	2683
768	1283
769	3365
769	2769
770	771
770	3161
770	4184
770	1271
771	773
771	2662
771	3300
771	3744
772	774
772	3234
772	1359
772	3070
772	3272
773	774
773	2233
774	775
774	776
775	806
775	3749
776	778
776	4494
776	1191
777	2114
777	1242
778	779
778	2125
779	780
779	781
780	782
780	3797
781	782
781	783
781	2412
782	1062
782	4138
783	784
783	2503
783	2471
784	785
784	4786
785	786
785	787
785	1192
785	1916
785	3438
786	1778
786	4388
786	2177
787	1525
787	4793
787	4226
788	1391
788	1789
788	1022
789	3256
789	3630
789	3869
790	792
790	981
790	2165
791	792
791	4422
792	2078
792	2333
792	3816
792	2684
793	794
793	4956
794	795
794	796
795	1379
795	4330
796	1819
796	1427
796	4544
797	798
797	3846
798	799
798	2796
799	800
799	2452
799	974
800	801
800	2714
800	2948
801	802
801	803
801	3396
802	803
802	804
802	1178
802	3341
802	1863
802	4447
803	804
803	2490
804	805
804	806
804	4432
805	806
805	807
805	1147
806	807
806	808
806	1073
807	4350
807	1098
808	809
808	810
808	1621
809	4330
809	2441
809	4709
809	908
809	2055
810	811
810	1374
811	1660
811	1304
812	813
812	2703
813	1283
813	3739
814	1504
814	2736
815	855
815	2382
816	818
816	3267
817	818
817	1544
818	3230
818	3793
819	820
819	821
819	3929
820	821
820	822
820	1702
821	822
821	1532
822	823
822	824
822	2070
823	4065
824	1130
824	3830
825	827
825	1280
826	827
826	828
826	2485
827	828
827	829
827	1202
827	4588
827	1390
828	830
828	2313
828	2995
828	4133
828	4190
829	831
829	2169
829	909
830	831
830	4085
831	2779
831	2267
831	1903
832	833
832	1607
833	834
833	835
833	1230
834	836
834	4143
834	4304
835	836
835	837
835	2818
836	837
836	4976
837	838
837	839
838	839
838	840
839	1428
840	841
840	3188
841	843
841	4704
842	843
842	844
842	4461
843	844
843	845
844	845
844	846
844	4027
844	2787
845	1464
845	901
846	847
847	848
847	849
847	4180
847	2245
848	850
848	3799
848	1477
848	4046
849	851
849	1222
850	3023
850	4967
851	852
851	1656
851	2814
851	2863
851	3760
852	2292
853	2444
853	1005
853	2224
854	856
854	2912
855	856
855	4192
855	2134
856	857
856	858
856	3465
857	858
857	859
857	3793
857	4344
858	3954
858	3370
859	860
859	861
860	861
860	3013
861	863
862	1370
862	1870
863	864
863	865
863	4378
864	1099
865	866
865	2297
866	867
866	1817
866	1841
867	869
867	3367
867	1612
868	869
868	870
868	1584
869	871
869	3309
869	1215
870	872
870	3243
870	1362
871	872
872	873
872	874
872	2389
873	875
874	1713
874	3242
875	2948
875	2330
876	2785
877	878
877	879
877	1922
878	1406
878	4436
879	880
879	881
880	881
880	882
881	882
881	883
882	884
882	4481
882	4604
883	884
883	4300
884	885
884	886
885	2200
885	2540
886	888
886	4047
887	888
887	1190
888	889
888	1397
889	890
889	891
890	891
891	893
891	3318
892	894
892	1233
892	2161
893	895
893	3612
893	4802
894	895
894	896
894	4817
895	896
895	1928
896	897
896	898
896	3422
897	898
897	3526
898	3377
898	3769
898	981
898	2002
899	900
899	901
899	2172
899	1529
900	902
901	903
901	4941
901	4874
901	3514
902	903
902	904
902	4153
902	3945
903	904
903	4157
903	2255
904	4896
905	996
905	2903
905	4312
905	4115
906	4478
906	4586
907	909
907	4159
907	4276
908	2976
908	4327
908	4265
909	911
910	912
910	1756
910	4189
911	912
911	913
911	1473
912	913
912	914
912	2257
913	915
913	4553
914	915
915	1330
916	917
916	918
916	4240
917	918
917	919
917	3448
917	3606
918	4754
918	1356
918	3151
918	1275
918	2004
918	2074
918	4575
919	920
919	921
920	921
920	3318
921	922
921	923
921	2572
922	923
922	924
922	2277
923	925
923	4583
924	925
924	926
924	3573
924	2361
925	926
925	4880
926	927
926	2582
926	3621
926	3911
927	928
927	3273
928	3140
928	4700
929	930
929	931
930	931
930	932
931	932
932	933
932	934
932	980
933	934
933	1453
933	2031
934	935
934	936
934	4904
934	4989
935	936
935	937
936	938
936	1773
936	1456
936	3087
937	939
937	2440
938	3256
938	4455
938	4144
939	940
939	1582
940	1469
940	1400
940	3069
940	4650
941	943
941	2643
941	2502
942	943
942	944
942	3377
942	2189
943	945
943	3510
944	3122
944	950
944	3229
944	3639
945	947
945	1353
946	947
946	948
947	4103
947	1803
948	949
948	1361
949	951
949	2971
950	952
950	1154
951	953
951	1811
952	953
952	954
952	2119
953	954
953	955
954	956
954	2522
954	2462
954	2705
955	1869
955	1042
955	4742
956	958
956	1357
957	958
957	3434
957	1887
958	960
958	4519
959	961
959	2360
959	1770
960	962
960	4531
960	2445
960	1716
960	2738
961	962
961	963
962	963
962	964
962	2407
963	965
963	3211
964	966
964	4845
964	1038
964	1528
965	967
965	2587
965	1496
966	968
966	4683
966	2901
966	4537
967	968
967	969
968	3492
969	970
969	971
969	1391
970	972
970	4514
971	973
971	3267
971	3011
972	4285
972	2913
972	1256
972	1506
972	2247
973	974
973	3934
974	975
974	976
974	2383
974	2682
975	976
975	1884
975	4467
975	4423
976	978
976	1726
976	2293
976	4656
977	978
977	979
978	979
978	4629
978	2967
978	1070
979	4565
979	1272
980	982
981	4474
981	3561
981	4913
981	1331
981	3884
982	983
982	984
982	1166
983	984
984	986
984	1907
984	3778
985	986
985	987
985	3057
986	987
986	3332
987	989
987	4486
988	3558
988	1821
989	990
989	991
989	1115
989	4855
990	992
990	1791
990	3102
991	4568
991	2390
991	3662
991	3856
992	993
992	994
993	994
993	995
993	4169
994	2701
994	1320
995	996
995	997
996	998
996	4839
996	2647
997	999
997	1448
998	1000
998	4766
999	1000
999	1001
1000	1001
1000	1002
1001	1003
1001	3524
1001	4599
1002	3437
1002	2888
1003	1005
1003	4002
1003	1570
1004	3706
1005	1007
1006	1022
1006	2546
1007	1008
1007	4074
1008	1009
1008	1010
1009	4817
1010	1011
1010	1012
1010	4480
1011	1012
1011	3714
1011	1542
1012	1014
1012	2187
1012	2555
1012	3255
1013	1014
1013	4976
1014	1016
1014	3655
1014	1955
1015	1016
1015	1017
1015	2918
1015	4387
1015	2667
1016	1607
1016	4351
1017	2939
1017	1519
1017	3994
1018	4488
1018	3154
1018	3606
1018	4715
1018	4489
1019	1020
1019	2421
1019	3262
1020	4422
1020	3556
1021	3908
1021	4094
1022	1023
1022	2738
1022	4000
1023	1025
1023	1212
1024	1481
1024	2048
1025	1026
1025	1027
1026	1027
1026	1028
1027	1028
1027	1683
1028	1030
1028	1918
1029	1030
1029	1031
1030	1031
1030	3400
1030	3464
1030	1401
1031	1032
1031	1033
1032	1034
1032	2657
1033	1034
1033	1035
1034	1035
1034	3300
1034	1789
1035	1036
1035	1037
1035	4589
1036	1037
1036	2014
1037	1038
1038	1602
1039	4374
1039	4620
1039	4600
1039	4702
1040	1041
1040	1042
1040	1045
1040	2231
1041	1043
1041	3411
1042	1043
1042	1044
1043	4201
1043	1360
1043	4334
1043	4541
1043	4970
1044	1046
1044	3620
1045	1373
1045	2148
1046	1047
1046	4906
1047	1989
1047	1767
1048	1049
1048	3219
1048	2291
1049	1269
1049	4783
1050	1051
1050	3222
1051	1052
1051	1053
1051	2876
1052	4863
1052	2898
1053	1054
1053	3036
1053	3715
1053	1921
1054	1056
1054	4717
1054	2605
1054	4701
1055	1197
1055	1761
1055	2802
1056	1057
1056	1058
1056	2244
1057	1059
1057	3263
1057	3267
1058	1059
1058	1060
1059	1476
1059	3075
1060	1062
1060	4224
1061	1062
1061	1063
1062	1064
1062	4259
1063	1064
1063	4737
1064	1066
1064	1555
1064	3888
1065	1066
1065	1067
1066	1730
1066	1833
1066	2785
1066	1852
1067	1068
1067	1069
1067	2105
1068	1069
1069	1070
1069	1071
1070	2279
1071	4303
1071	4739
1071	4048
1072	3250
1072	2659
1072	3511
1072	3098
1073	3029
1073	3827
1074	1075
1074	1947
1075	1076
1075	4475
1076	1078
1076	1934
1076	1632
1077	2943
1077	3547
1077	3336
1078	1079
1078	1080
1078	1943
1079	1081
1080	1082
1080	3212
1081	1082
1081	1083
1081	2730
1082	2322
1082	3989
1083	1085
1083	3722
1083	1832
1084	1085
1084	1827
1084	3855
1085	1358
1085	2760
1086	3307
1086	1602
1087	1089
1087	3324
1087	1847
1087	1253
1087	2267
1088	1090
1088	2079
1089	1090
1089	2728
1089	3475
1089	4351
1089	2505
1090	1092
1090	3043
1091	1093
1092	1094
1092	3885
1093	1094
1093	1095
1094	1096
1094	1962
1095	1096
1095	1097
1096	1097
1096	1098
1097	1098
1097	1099
1098	1099
1098	1100
1099	1100
1100	1101
1100	1102
1100	1809
1101	2188
1101	2836
1101	3962
1102	1103
1102	1104
1102	3960
1103	1104
1103	2887
1103	1425
1104	1106
1104	1170
1105	1106
1105	1910
1106	2970
1106	2559
1106	3359
1107	1108
1107	1109
1108	1109
1108	1788
1109	1111
1109	4546
1110	2259
1111	1112
1112	1620
1112	2204
1112	1545
1113	1114
1113	1212
1114	1115
1114	1126
1115	1117
1115	2723
1116	1695
1116	1374
1117	1119
1117	4531
1118	1119
1118	1718
1118	2949
1118	2143
1119	1120
1119	1121
1119	2705
1120	1274
1121	1123
1121	3267
1122	1124
1122	3921
1123	4137
1123	4406
1124	1125
1124	4220
1124	4916
1124	3507
1125	1126
1125	1923
1126	1127
1127	1128
1127	1129
1127	3271
1128	2915
1128	3677
1129	1130
1129	1131
1129	1929
1130	1132
1130	4091
1131	1133
1131	2500
1132	1133
1132	2770
1133	1135
1133	4311
1133	3080
1133	1291
1134	1136
1135	1137
1135	3507
1136	1137
1136	1138
1137	1991
1137	1589
1138	2694
1138	4241
1139	1140
1139	1141
1140	1141
1140	1142
1140	3162
1141	4690
1142	1143
1142	1144
1143	1144
1143	1145
1144	2244
1145	1146
1145	2697
1146	1147
1146	1148
1146	4401
1146	1195
1146	2147
1146	3970
1147	1597
1148	2769
1148	3622
1148	3223
1148	4370
1149	1151
1149	2769
1149	2157
1150	1151
1150	1152
1151	1152
1151	3768
1152	2827
1152	1730
1152	3809
1152	2153
1153	1154
1153	1155
1153	2033
1154	1156
1155	1156
1155	4186
1156	2146
1156	3962
1156	4614
1157	1158
1157	1159
1158	1160
1158	2739
1158	3697
1159	1160
1159	1161
1159	3882
1160	1161
1160	2367
1161	1162
1161	1163
1161	4026
1162	1163
1162	1164
1163	1165
1163	1719
1164	1165
1164	2818
1165	1166
1165	1167
1165	2552
1166	4201
1166	3154
1167	1168
1167	1169
1168	1840
1168	1452
1169	4905
1169	2840
1170	1172
1171	1172
1171	1173
1172	1173
1172	1174
1173	1174
1173	3593
1173	1845
1174	1176
1174	3218
1175	1177
1175	1209
1176	1177
1176	1178
1177	1178
1177	1179
1178	1180
1179	2421
1179	2773
1179	2599
1180	1181
1180	1182
1181	3038
1181	4581
1181	2983
1182	1183
1182	1184
1183	1185
1183	2529
1184	1185
1184	1186
1185	1186
1185	1187
1186	1187
1186	1573
1186	4646
1187	1188
1187	3377
1188	1189
1188	1190
1188	1723
1189	1191
1189	3710
1190	1191
1190	1192
1190	2363
1190	2553
1191	1192
1192	4432
1193	1194
1193	1921
1193	4440
1194	1195
1194	4111
1195	3848
1196	3957
1196	2212
1197	2988
1197	4029
1198	1199
1198	2239
1199	1200
1199	2516
1199	2180
1200	1585
1201	1203
1201	3209
1201	2622
1201	3951
1202	2970
1202	2129
1202	2210
1203	1205
1203	4891
1204	1205
1204	1699
1204	4762
1204	4898
1205	1206
1205	1207
1205	2269
1206	1221
1206	3912
1207	1208
1207	1719
1208	1210
1208	3523
1208	2295
1208	3903
1209	1210
1209	1211
1210	1211
1210	1212
1210	2392
1210	3939
1211	1212
1211	1213
1211	4129
1212	3022
1213	1215
1213	2397
1213	3246
1214	1215
1214	4163
1215	1789
1215	3973
1216	1217
1216	1218
1217	1762
1217	3996
1218	1219
1218	1220
1219	2399
1220	1222
1220	2750
1221	1222
1221	1223
1222	1801
1222	3094
1223	1225
1223	1514
1224	1711
1224	4900
1224	3750
1224	2859
1225	3607
1226	1227
1226	1228
1227	3249
1228	1229
1228	1230
1228	4117
1229	1230
1229	1231
1230	1232
1230	1966
1231	1232
1231	1233
1232	1234
1232	3747
1233	2967
1233	1682
1233	2739
1234	1235
1234	2672
1234	3513
1234	4483
1235	1236
1235	1237
1235	3989
1235	4392
1236	1237
1236	2178
1236	4184
1237	1239
1237	2221
1237	2049
1238	1239
1238	1240
1238	2201
1238	1735
1239	1240
1239	2790
1239	1809
1239	2121
1240	1241
1240	1242
1241	1242
1241	2932
1241	1249
1242	3545
1243	1245
1243	3188
1243	4147
1244	1245
1244	1246
1245	1246
1245	1247
1245	1385
1246	1247
1246	2286
1246	3297
1246	3061
1247	1249
1247	1456
1248	1249
1248	1787
1248	2555
1248	3292
1248	1689
1248	1288
1248	3324
1248	4337
1249	4488
1249	1727
1250	1252
1250	1580
1251	1252
1251	3375
1252	1254
1252	1393
1252	2304
1253	2471
1254	1817
1254	1847
1255	1256
1255	2179
1255	1564
1255	3946
1256	4531
1256	1911
1258	1259
1258	1260
1259	1594
1259	2214
1259	3505
1259	4943
1260	1262
1260	1611
1260	3409
1261	1262
1261	1263
1261	2229
1262	1263
1262	3103
1262	3875
1263	1264
1263	1265
1264	1265
1264	1266
1265	1266
1265	3929
1266	1267
1266	4438
1267	1268
1267	1269
1267	1720
1267	2841
1268	1270
1268	3215
1269	1270
1269	3058
1269	3778
1269	1749
1270	1272
1270	3724
1270	2889
1271	1272
1271	1273
1271	1928
1272	1273
1272	2877
1273	1765
1273	3451
1275	1276
1275	2869
1275	3437
1276	1277
1277	2487
1277	3551
1278	1280
1278	4808
1279	1280
1279	1281
1280	1282
1280	3334
1280	3640
1281	1282
1281	1590
1282	1999
1282	1932
1283	1285
1283	3860
1283	4599
1283	2793
1284	1285
1284	1286
1284	1694
1284	4327
1285	1286
1285	3327
1286	1287
1286	1288
1287	1288
1287	3955
1287	4358
1288	2703
1289	1291
1289	3682
1289	2134
1290	1477
1290	3854
1291	1292
1292	3546
1292	4439
1293	2357
1293	1648
1294	1296
1294	4859
1294	1988
1294	2755
1295	1296
1295	2564
1295	3050
1295	2698
1295	3379
1296	1298
1296	3517
1297	1298
1298	4939
1298	1560
1299	4868
1299	2395
1299	2183
1300	1301
1300	2245
1300	1581
1300	4013
1301	1302
1301	1303
1301	4625
1301	1693
1302	1303
1302	1304
1303	1304
1303	1305
1303	2972
1305	1306
1305	4037
1306	1308
1306	4441
1306	1424
1307	4189
1307	4630
1308	1309
1308	1310
1308	2435
1309	1310
1309	2810
1309	4495
1309	2733
1309	4161
1310	1311
1310	1312
1310	3695
1311	1822
1311	4663
1312	4910
1312	3615
1313	1315
1313	3917
1314	4633
1314	1322
1314	1859
1315	1316
1315	2454
1315	4606
1315	1829
1316	1318
1316	4766
1317	1318
1317	2338
1317	4894
1317	1507
1317	2378
1318	1319
1319	2019
1319	4969
1319	4400
1320	1321
1321	1323
1321	4989
1322	1324
1323	1324
1323	3546
1323	4854
1324	1326
1324	1676
1325	2950
1325	2593
1326	1328
1326	4042
1327	1328
1327	1329
1327	4009
1327	4529
1328	1330
1328	4035
1328	4565
1329	1331
1329	4795
1330	1331
1330	3699
1331	1332
1331	2297
1331	3818
1331	1521
1332	1333
1332	1334
1333	1334
1333	1335
1333	4939
1334	3942
1334	1596
1335	1336
1335	1337
1335	2368
1336	1337
1337	1338
1337	1339
1338	1340
1338	1875
1338	2727
1339	1340
1339	4775
1340	1342
1340	3772
1341	2951
1341	2819
1341	3283
1342	2116
1342	1829
1342	1381
1343	3595
1343	1912
1343	3798
1343	3914
1344	1345
1344	1346
1344	1656
1345	1346
1345	3431
1345	4675
1346	1347
1346	1632
1346	2874
1347	1348
1347	2988
1347	3955
1348	1349
1348	4625
1348	3475
1349	1390
1349	1984
1349	3341
1350	1352
1350	2410
1351	1352
1351	1910
1352	1353
1352	1354
1353	1354
1353	1355
1354	1355
1354	2367
1354	3252
1355	3086
1355	1562
1355	2305
1356	1358
1356	3921
1357	1358
1357	1359
1358	2091
1358	1563
1358	3650
1359	3207
1359	1997
1360	1362
1360	2066
1360	4341
1361	1362
1361	1405
1362	1363
1363	1364
1363	1365
1364	1365
1364	1366
1365	1367
1365	1816
1366	1368
1367	3732
1367	1958
1367	2029
1367	3777
1368	1370
1368	4105
1369	1370
1369	1371
1369	2941
1370	2525
1370	2676
1371	1372
1371	1373
1371	2020
1372	3559
1372	3930
1372	3927
1373	3548
1374	1376
1374	1642
1375	1376
1375	1377
1375	4168
1376	1377
1376	2247
1376	3335
1377	1378
1377	4284
1377	3327
1378	1379
1378	1380
1378	3405
1379	1380
1380	1382
1380	4195
1380	4976
1381	4364
1381	1763
1382	1383
1382	1384
1382	3025
1382	3781
1382	4277
1383	1384
1383	1385
1384	1386
1384	2130
1384	4856
1385	2588
1385	3144
1385	3927
1387	1389
1387	2822
1387	3076
1387	2380
1387	4698
1388	1457
1388	3040
1388	3775
1388	2233
1388	1977
1388	2994
1389	1390
1389	1391
1389	4261
1390	1391
1391	1393
1392	1393
1392	1394
1392	2628
1392	4106
1393	1395
1393	1933
1393	2749
1393	3426
1394	1395
1394	1396
1395	4022
1395	4662
1396	1397
1396	3014
1397	1398
1397	1399
1397	4711
1398	1762
1398	1717
1399	1401
1399	4002
1399	3150
1400	1606
1401	2684
1402	1403
1402	1404
1402	2865
1402	3169
1402	4024
1402	2122
1403	1404
1403	1405
1403	3639
1404	1405
1404	1406
1405	1406
1405	4637
1405	3792
1406	1407
1406	3157
1407	3760
1407	2933
1407	3310
1407	3913
1408	1409
1408	1410
1408	3436
1409	1410
1409	1411
1409	4979
1410	1411
1410	2640
1410	3946
1411	1412
1411	1413
1412	1414
1412	2904
1412	1466
1412	2164
1412	3118
1413	1414
1413	1415
1414	1416
1414	4456
1414	2039
1414	4223
1414	3143
1415	1416
1415	1417
1415	4487
1416	1417
1416	3785
1417	1418
1417	1419
1417	2311
1417	3660
1418	1419
1418	4477
1419	1420
1419	1421
1420	1421
1420	1422
1420	3444
1420	4874
1421	1422
1421	4992
1422	1423
1422	2657
1422	4944
1423	1424
1423	1425
1423	2548
1424	1734
1424	3449
1425	1427
1425	3942
1425	4100
1425	4139
1426	1427
1426	3175
1426	2230
1426	2352
1427	1429
1427	3652
1428	1429
1429	3836
1429	3668
1430	1431
1430	1432
1431	1433
1431	2250
1432	4841
1433	1435
1433	3012
1433	4611
1435	4486
1435	2896
1435	1558
1435	4637
1436	1438
1436	1600
1436	3308
1436	3921
1437	1438
1437	1577
1437	4254
1437	4504
1438	4233
1439	1440
1439	2960
1439	3376
1440	1441
1440	1442
1440	2455
1441	1443
1441	4011
1442	1820
1442	3241
1442	1665
1443	1445
1443	3779
1443	1738
1443	1883
1444	1445
1444	1446
1444	3979
1445	1446
1445	1447
1445	2366
1446	4032
1446	1658
1446	4723
1446	3261
1447	1448
1447	1449
1447	1970
1448	1449
1448	3374
1449	3249
1449	3129
1449	3857
1450	1452
1450	4296
1451	1452
1451	1453
1451	3999
1451	4072
1452	3805
1452	4859
1452	1817
1453	1454
1453	1455
1454	1455
1454	1456
1455	1457
1455	4383
1455	3326
1456	4495
1457	1458
1457	1459
1457	4957
1458	1459
1458	2727
1459	1461
1459	2066
1459	4799
1459	3658
1460	1462
1460	3312
1461	1462
1461	1463
1461	3481
1462	1463
1462	3530
1462	4608
1462	3944
1463	2914
1463	1698
1463	1997
1464	3172
1464	1470
1465	1467
1465	2601
1465	1554
1466	2424
1467	1468
1467	3214
1468	1469
1468	1470
1469	1470
1469	4692
1470	1472
1470	2344
1471	1473
1471	3784
1472	1473
1472	3877
1473	1758
1473	4000
1474	1476
1474	3535
1474	2702
1475	1476
1475	1879
1475	4944
1476	1477
1476	3138
1477	4332
1478	1479
1478	1480
1479	4730
1479	1655
1480	1481
1480	1482
1481	3786
1481	3614
1481	2608
1482	1484
1482	3849
1483	1484
1483	4740
1483	3546
1484	1485
1484	1890
1484	3307
1484	4845
1485	1487
1485	4307
1485	4854
1486	4311
1486	3976
1487	1488
1487	1489
1487	2238
1487	3590
1487	2681
1488	3610
1488	4352
1489	2428
1489	2133
1489	4934
1490	1491
1490	3276
1491	1493
1491	4253
1492	1493
1492	1597
1493	1495
1493	4805
1493	2611
1494	2272
1494	1701
1494	3647
1495	1496
1495	1620
1495	3273
1496	1497
1496	3802
1496	4816
1496	2301
1497	4376
1498	1500
1498	3680
1499	1500
1499	1501
1500	1501
1500	4883
1501	1658
1501	3059
1501	2180
1502	1504
1502	2957
1502	4845
1502	3420
1503	1504
1503	1505
1503	2145
1503	2531
1503	3684
1504	2868
1504	3203
1505	1506
1505	1507
1505	1836
1505	4713
1506	4330
1507	2603
1507	4564
1507	2281
1508	1509
1508	3799
1509	1511
1509	3635
1509	2428
1510	1511
1510	4626
1511	1513
1511	2669
1511	1856
1512	1513
1512	1514
1512	3352
1513	1514
1513	1994
1514	1516
1514	3479
1515	1516
1515	1517
1515	1771
1516	1517
1516	1518
1517	2806
1518	1520
1518	1826
1519	3633
1519	3702
1520	2524
1520	1765
1521	1522
1522	1523
1522	1524
1522	3367
1522	4792
1523	1524
1523	3772
1523	1831
1524	1525
1524	2172
1525	1526
1525	4789
1525	2930
1526	1528
1526	4983
1527	1529
1527	3376
1527	2080
1528	1529
1528	2783
1530	1531
1530	4505
1530	4527
1530	3977
1531	1533
1531	1665
1531	2808
1532	1533
1532	1534
1532	3836
1533	1535
1533	2311
1534	4379
1535	1536
1535	2038
1536	1537
1537	1538
1537	1539
1537	2836
1537	4915
1538	1539
1538	2358
1539	1541
1539	4210
1540	1541
1540	1542
1540	3106
1540	4926
1541	1542
1541	1543
1541	4034
1541	4873
1542	1543
1542	4076
1542	4976
1543	1544
1543	4726
1543	4209
1544	1545
1544	1975
1544	4557
1545	4137
1545	4970
1546	1547
1546	4981
1547	1548
1547	3706
1547	1635
1548	1549
1548	1550
1549	1551
1549	3385
1549	2498
1549	4281
1550	1551
1550	1553
1550	1755
1551	2434
1551	3227
1552	1553
1552	3879
1553	1554
1553	4651
1553	2133
1554	2329
1554	3258
1555	1557
1555	4037
1556	1558
1556	2903
1558	1559
1558	4339
1558	3319
1559	1561
1559	4749
1559	4682
1560	1561
1560	1562
1560	4176
1560	4004
1561	1690
1562	1564
1562	2263
1563	1564
1564	1565
1564	1566
1564	1772
1564	2588
1565	1566
1565	1567
1565	4986
1566	1568
1566	2385
1567	1568
1567	1569
1567	3626
1567	4457
1568	1570
1568	2485
1568	4362
1569	1571
1569	4616
1570	1571
1570	1742
1571	1572
1571	4272
1572	1573
1572	1574
1572	4234
1573	1575
1574	1576
1574	4108
1575	1576
1575	3387
1575	1997
1576	1578
1576	1980
1577	1579
1577	3398
1578	1579
1578	1580
1578	3318
1578	4729
1579	1580
1579	1581
1579	4185
1580	1581
1580	1582
1581	1582
1582	3942
1582	1887
1582	4785
1583	1584
1583	2487
1583	3264
1584	3698
1585	2297
1585	3255
1585	4329
1586	3621
1586	4895
1586	4846
1587	1588
1587	1589
1588	1590
1588	3724
1588	2143
1588	4052
1588	3175
1588	3378
1589	1590
1589	1591
1590	1591
1590	1592
1591	1593
1591	2710
1591	2935
1591	2956
1592	1593
1592	2474
1592	2548
1592	3555
1593	1594
1593	2364
1594	1595
1594	1996
1594	2695
1594	2251
1595	1596
1595	4919
1596	4337
1596	2346
1597	1599
1597	1945
1597	1693
1598	4378
1599	1600
1599	3769
1600	1602
1601	1602
1601	3715
1601	2239
1602	2034
1602	3166
1602	2697
1603	1604
1604	1605
1604	1606
1604	3134
1605	1606
1605	1607
1606	1607
1607	1795
1607	2915
1608	1609
1608	4069
1609	1610
1609	2149
1609	3914
1609	1849
1610	3195
1611	1612
1611	1613
1612	1805
1612	4730
1613	1614
1613	2635
1613	4575
1613	3029
1614	1616
1614	2153
1614	4314
1615	1617
1615	3654
1615	2461
1615	4565
1615	1832
1616	1617
1616	1618
1616	2414
1616	3091
1617	1619
1617	4495
1618	1619
1618	3828
1618	4930
1619	2358
1619	4317
1620	1622
1620	1843
1620	4146
1621	1622
1622	3159
1622	3131
1622	3883
1622	4908
1622	4940
1623	1749
1623	1745
1623	4728
1623	1735
1624	1626
1624	2850
1625	3394
1625	3225
1625	4110
1625	2326
1626	1627
1626	4799
1627	1629
1627	2484
1628	1630
1628	2195
1628	2985
1629	2229
1629	4030
1629	3600
1630	4272
1630	2265
1630	3677
1631	1632
1631	3378
1633	1634
1633	1635
1634	1636
1635	1637
1636	1637
1636	3620
1636	3068
1636	2594
1636	4099
1637	1639
1637	2256
1637	1669
1637	3229
1638	1639
1638	2154
1639	4225
1639	1856
1639	4560
1640	1641
1640	1642
1641	4215
1641	4968
1642	1644
1642	4464
1643	1645
1643	3909
1644	1646
1644	4140
1644	4186
1644	1872
1645	1646
1645	3012
1646	1647
1646	1648
1647	1648
1647	1868
1648	1650
1648	4043
1649	2345
1649	1765
1650	1651
1650	4276
1650	2722
1650	4625
1650	4641
1652	1653
1652	1654
1652	4744
1653	1654
1653	2405
1654	1655
1654	1656
1654	2028
1655	2070
1655	2590
1655	3012
1657	1659
1657	2377
1658	4967
1658	1913
1659	3429
1659	3453
1660	1661
1661	1663
1661	2319
1661	3886
1662	1664
1662	4709
1662	3141
1662	4109
1663	1665
1663	2123
1664	4306
1664	3793
1665	1666
1665	3077
1665	4699
1666	1667
1666	1668
1667	1668
1667	1669
1668	1669
1668	1670
1669	1670
1669	3704
1669	4371
1670	1672
1670	2426
1671	1672
1671	3032
1672	1674
1672	3395
1673	1674
1673	1675
1673	1689
1674	1675
1674	1676
1674	2388
1674	3278
1675	1677
1675	4908
1676	1677
1676	1678
1676	3201
1677	1678
1677	1679
1677	2901
1678	1680
1678	4301
1679	1680
1679	1681
1679	3863
1680	1681
1680	3274
1680	2810
1680	2234
1681	1683
1681	2711
1683	1684
1683	4723
1683	3525
1683	1886
1684	1685
1684	2661
1684	1823
1685	1686
1685	1687
1685	4578
1686	1688
1686	2442
1686	4497
1687	4935
1687	2215
1687	2657
1688	1689
1688	4072
1688	1831
1689	1690
1689	3610
1690	1692
1690	2397
1691	1692
1691	1693
1691	3224
1692	1693
1692	2054
1693	4263
1693	4650
1693	4922
1694	3512
1695	1697
1695	2399
1695	1906
1696	1698
1696	4248
1696	4501
1697	4381
1697	4311
1698	1700
1698	4329
1699	3923
1700	1702
1700	2846
1701	1703
1701	3935
1702	1703
1702	1721
1703	1704
1703	3787
1703	2274
1704	1705
1704	1706
1705	1707
1705	4789
1705	4003
1706	1707
1706	1708
1707	2306
1707	2721
1708	1710
1709	1710
1709	1711
1710	4045
1710	3301
1710	2084
1711	3286
1711	1722
1711	3780
1712	2313
1713	1714
1713	2559
1714	1716
1714	3206
1715	1716
1715	1717
1716	3945
1716	2183
1716	2672
1717	1718
1717	2645
1718	4611
1718	2981
1719	4868
1720	1722
1721	1723
1722	1724
1722	2306
1722	4213
1723	4773
1724	1725
1724	4549
1725	1726
1725	1727
1726	1728
1726	3089
1726	3609
1727	1729
1727	2581
1728	1729
1728	1730
1728	2974
1729	1730
1730	1732
1731	3268
1731	2404
1732	1733
1732	1734
1732	4972
1733	1734
1733	1735
1734	1735
1734	1736
1734	2428
1735	1736
1735	2309
1735	1814
1736	1737
1736	2619
1736	3839
1737	1738
1737	3353
1738	2639
1738	3286
1738	4071
1739	2523
1740	1742
1740	3836
1741	1742
1741	1743
1741	2529
1742	3641
1743	4486
1743	2324
1743	3784
1743	2791
1744	1745
1744	1746
1744	2302
1745	1747
1745	3707
1745	3996
1746	1748
1746	3593
1747	1748
1747	2202
1748	1749
1748	2565
1749	2526
1750	1751
1750	3382
1750	4670
1751	1752
1751	3428
1752	1753
1752	1754
1752	3317
1752	2237
1753	2286
1753	4544
1754	4474
1754	3578
1755	2080
1755	4222
1756	1757
1756	1758
1757	1758
1757	1759
1757	4851
1758	1759
1759	1760
1759	2348
1760	1762
1760	3678
1760	3111
1761	1762
1761	1763
1762	1764
1762	2872
1762	3834
1763	1764
1763	2102
1764	1765
1764	1941
1765	1766
1766	1767
1766	3750
1766	4666
1767	1768
1767	2322
1767	4694
1767	2785
1768	1769
1768	1770
1768	3672
1769	1770
1769	4525
1771	1772
1771	4029
1772	1773
1772	2735
1773	1774
1773	1775
1774	4054
1774	3850
1775	1777
1775	1946
1775	3724
1776	4388
1776	4777
1777	1778
1777	1779
1777	3299
1778	1779
1778	1912
1778	3300
1779	1780
1779	2486
1779	2516
1780	1782
1781	1821
1781	2777
1781	3282
1781	3693
1782	1783
1782	2569
1783	1784
1783	1785
1783	4820
1784	1786
1784	2952
1784	3228
1785	1787
1786	1787
1786	3368
1787	1789
1787	4345
1787	2204
1788	2904
1789	3189
1790	1791
1790	3664
1790	2750
1791	1792
1792	1793
1792	1794
1792	3394
1793	1795
1793	3716
1794	2990
1794	3714
1794	4622
1795	1796
1795	1797
1796	1797
1796	1798
1796	2259
1797	1798
1797	1799
1797	3372
1798	3230
1799	1800
1799	1801
1800	1802
1800	2718
1800	2203
1801	1802
1801	1803
1801	3194
1802	1803
1802	1804
1803	1804
1803	4798
1804	1981
1804	4635
1805	1806
1805	1807
1805	2942
1805	4253
1806	1807
1806	1808
1807	1809
1808	1809
1808	4563
1809	2977
1810	1811
1810	3069
1810	2437
1811	1812
1811	2807
1811	1825
1812	1813
1812	4366
1812	4732
1812	4946
1813	1814
1813	4847
1814	1815
1814	2904
1815	1817
1816	1817
1818	1819
1818	1820
1818	3458
1819	1820
1819	3638
1820	1821
1820	1822
1821	1822
1821	1823
1822	1823
1823	1824
1824	1826
1824	2332
1824	2592
1824	2624
1825	1826
1825	3189
1826	1827
1826	1828
1826	3961
1827	1828
1827	3286
1828	4444
1828	2930
1829	1830
1829	3759
1830	1831
1830	3940
1831	1833
1833	1835
1833	3661
1834	1835
1834	1836
1835	1837
1835	4529
1836	1838
1838	1839
1838	1840
1839	2411
1839	4134
1840	1842
1840	4248
1840	4119
1841	1843
1841	4725
1842	1843
1842	1844
1842	3684
1843	1845
1844	1845
1844	4173
1844	2839
1845	1846
1845	3589
1846	1848
1846	2854
1846	2857
1847	1849
1847	4809
1848	1849
1848	1850
1848	2448
1848	3510
1849	1850
1849	1851
1849	3086
1849	3181
1849	3512
1849	3752
1850	1851
1850	1852
1851	1852
1851	1853
1851	4374
1851	2822
1852	3939
1853	3028
1853	2709
1854	2737
1854	2593
1855	2044
1857	1859
1858	1860
1858	4724
1859	1860
1859	3493
1860	1861
1860	1862
1861	1862
1861	2685
1862	1863
1862	1864
1863	1864
1863	2125
1863	2391
1864	1865
1864	3730
1865	1867
1865	3647
1866	1867
1866	4003
1866	1869
1867	1868
1867	1869
1867	3752
1867	3010
1867	4571
1868	1869
1868	4933
1869	3205
1869	2565
1869	4618
1870	1871
1870	3011
1871	1873
1871	3072
1872	1873
1873	2714
1873	3112
1874	1875
1874	1876
1875	1877
1876	3247
1876	4290
1877	1879
1877	2051
1878	1879
1878	1880
1878	2959
1879	2492
1879	2687
1880	1881
1880	1882
1881	1883
1882	1884
1882	2484
1882	4791
1883	2156
1884	1886
1885	1887
1885	3048
1886	1887
1887	1888
1887	4321
1888	1890
1888	4497
1889	1891
1889	3903
1889	4357
1890	1892
1890	4445
1891	1893
1891	3261
1891	2025
1892	1894
1892	3617
1893	1894
1893	1895
1894	1895
1894	2500
1895	4143
1896	4360
1896	3164
1897	1898
1897	1899
1898	2729
1898	2413
1898	2650
1898	4199
1899	1900
1899	2427
1900	3695
1900	2612
1900	4228
1901	1902
1901	2087
1901	2251
1901	3742
1901	2271
1902	1903
1902	1904
1902	3992
1903	1905
1903	3488
1903	4882
1904	1906
1904	3547
1904	4586
1905	1907
1905	3893
1906	1908
1907	1908
1907	1909
1907	2408
1908	4059
1908	4141
1908	3459
1909	1910
1909	2480
1910	1912
1910	2755
1910	2690
1911	1912
1912	2649
1913	1915
1913	4492
1914	4385
1914	3528
1915	1917
1915	4431
1916	1918
1916	4302
1917	1918
1917	1919
1917	2207
1917	4788
1918	1919
1918	1920
1918	4218
1919	1920
1919	3820
1919	3774
1920	1921
1920	4916
1922	1924
1922	3968
1923	4741
1923	4149
1924	1926
1924	3682
1924	2844
1925	1926
1925	3362
1925	1995
1926	1927
1926	2946
1927	1928
1927	2351
1928	1930
1929	4411
1929	3419
1929	2619
1930	4413
1930	4493
1930	4896
1931	1932
1931	4870
1932	1934
1932	4980
1932	4116
1933	1935
1933	3944
1934	2336
1934	4915
1934	2386
1935	1936
1935	3038
1935	4249
1936	3036
1936	1945
1937	1938
1937	1939
1937	2879
1938	2946
1938	3356
1939	2149
1939	2893
1939	4353
1940	1942
1940	4768
1940	2533
1941	3440
1941	3777
1942	1944
1942	2265
1942	3182
1943	3886
1943	2913
1944	1945
1944	1946
1944	2318
1945	4762
1945	4867
1946	4730
1946	2804
1947	1949
1947	2677
1948	1950
1948	3610
1948	3830
1948	4326
1949	2401
1950	4747
1950	3261
1950	3303
1951	1952
1951	2005
1952	1953
1952	4473
1953	4342
1953	4204
1953	3585
1954	4019
1954	2161
1955	1957
1956	1958
1956	4337
1956	3134
1957	3942
1957	2091
1958	4260
1958	2551
1958	2187
1958	4719
1959	1960
1959	1961
1960	1961
1960	1962
1961	1962
1961	3964
1962	1963
1963	2504
1963	4184
1964	1965
1964	1966
1965	1967
1965	3198
1966	1968
1967	1968
1967	1969
1968	2273
1968	2137
1968	4336
1969	1970
1969	3597
1970	2902
1970	2214
1971	1973
1971	4101
1972	1973
1972	1974
1972	2863
1973	2451
1973	4649
1973	2673
1974	1975
1974	3538
1975	4380
1976	1977
1976	2587
1977	2827
1978	1980
1978	2631
1978	2634
1978	2734
1979	1980
1979	1981
1979	4123
1980	2282
1980	4897
1981	1983
1982	2290
1982	3186
1983	1984
1983	4335
1983	4325
1984	1985
1984	2935
1985	1986
1985	1987
1985	3427
1986	2582
1987	1988
1987	3799
1988	3760
1989	1990
1989	1991
1990	1991
1990	2356
1990	3818
1990	3241
1991	1993
1991	4330
1992	1993
1992	4760
1992	3003
1993	4772
1993	2346
1994	4392
1995	1996
1995	3276
1996	1998
1996	2737
1996	3292
1997	4932
1998	1999
1998	3205
1998	2481
1999	2000
1999	2001
1999	2578
2000	2001
2000	4188
2000	2635
2001	2002
2001	2003
2002	2631
2003	2004
2003	2189
2004	2281
2004	3761
2005	2006
2005	2392
2005	4652
2006	2007
2006	2008
2007	4326
2007	4631
2007	2513
2008	2721
2008	4311
2009	2011
2010	2011
2010	3786
2010	3739
2011	2012
2011	2013
2012	2014
2012	4708
2013	2014
2013	2015
2014	2015
2014	4183
2015	2016
2015	2017
2016	2017
2016	2018
2017	4674
2018	3523
2018	2177
2018	2286
2018	3683
2018	3920
2019	2020
2019	2021
2020	2021
2020	4179
2021	2022
2021	4226
2021	2982
2022	2023
2022	2024
2023	2024
2023	3788
2024	2026
2024	2974
2024	2668
2024	2589
2025	2026
2025	3324
2025	4857
2026	2027
2026	2297
2026	2704
2027	2028
2027	2029
2027	4045
2028	2030
2028	2185
2029	2031
2030	4775
2032	2033
2032	2034
2033	2034
2033	2051
2033	4210
2034	2035
2034	2036
2035	2037
2035	3247
2035	2873
2036	2038
2036	2720
2036	4210
2037	2038
2037	2046
2038	2039
2038	2040
2038	2912
2039	2610
2039	2783
2039	3369
2040	2041
2041	3200
2041	2982
2042	2562
2042	2154
2042	4634
2043	2044
2043	2045
2044	2045
2044	2046
2044	3820
2045	2046
2045	3086
2046	2048
2046	2633
2047	3497
2047	4846
2048	2049
2048	2050
2049	2843
2050	4978
2051	2053
2052	2053
2052	2054
2052	3984
2053	2054
2053	2055
2054	2055
2054	2056
2054	3876
2055	3006
2055	4592
2055	3439
2056	2057
2056	2130
2057	2058
2057	3088
2058	2060
2059	2060
2059	4601
2060	2878
2061	2062
2061	2063
2062	4116
2062	4444
2063	2064
2063	2065
2063	2951
2063	3434
2064	2065
2064	2066
2065	2066
2065	2128
2065	2412
2066	2067
2067	2068
2067	2069
2067	4971
2068	2070
2068	4434
2068	4441
2069	2071
2069	3424
2070	2216
2071	2072
2071	2073
2072	4744
2072	3186
2073	2198
2073	2093
2074	2075
2075	2077
2075	2547
2076	2077
2076	3025
2076	2166
2077	2078
2078	2080
2078	3644
2079	2080
2079	3993
2080	2081
2081	2082
2082	2083
2082	2899
2083	3957
2083	4506
2084	2086
2084	2289
2084	2359
2084	4960
2085	2086
2085	2312
2086	2087
2086	3432
2087	2089
2087	3693
2088	2090
2088	3754
2089	2091
2090	2440
2090	3053
2091	2092
2091	4542
2091	4861
2092	2093
2092	2805
2092	2698
2093	2401
2093	2789
2093	3859
2094	2095
2094	2096
2094	3184
2095	2953
2096	2097
2096	3746
2096	4797
2097	2098
2097	2099
2098	2099
2098	2100
2099	2101
2100	2102
2100	4647
2101	2102
2101	4418
2103	4474
2103	4416
2104	2105
2104	3137
2105	4698
2106	2107
2106	2108
2106	2980
2107	2108
2107	2109
2108	2109
2108	2110
2108	4422
2109	2110
2109	3497
2109	3249
2110	2112
2110	4425
2111	2555
2111	3635
2111	2234
2111	3322
2112	4684
2112	4050
2113	2114
2113	2115
2114	2116
2114	2468
2114	4641
2115	2116
2115	2117
2115	3624
2116	2117
2116	2118
2116	4267
2117	2119
2117	3471
2118	3965
2118	2678
2119	2120
2120	2121
2121	2122
2123	2124
2123	2125
2124	2125
2124	3834
2125	4557
2125	2743
2126	2128
2126	3496
2126	2532
2126	2759
2127	2129
2127	4038
2127	4368
2128	2130
2129	2130
2129	4201
2130	2131
2130	2132
2130	4126
2131	2133
2131	2583
2131	3524
2132	2133
2132	2235
2132	2364
2133	3972
2133	3325
2134	2136
2135	2137
2135	4660
2136	2138
2136	3987
2137	2138
2137	2139
2138	2139
2138	2140
2139	2140
2139	2141
2139	3503
2139	2816
2139	3372
2140	2141
2140	2460
2140	2541
2141	2142
2141	2143
2142	2252
2142	2845
2143	4356
2144	2145
2145	2146
2146	2147
2146	2148
2147	2148
2148	4831
2148	2691
2149	2151
2150	2151
2150	2152
2151	4152
2151	4214
2152	2153
2152	2154
2152	2706
2152	3310
2153	2154
2153	4125
2154	2155
2154	2447
2154	2906
2155	2156
2155	4012
2156	2157
2156	3285
2157	2159
2158	4722
2158	3298
2159	2160
2159	2161
2160	2161
2160	2162
2162	2163
2162	2164
2163	2164
2163	2165
2163	2453
2163	2547
2164	2166
2164	3371
2164	3800
2165	3405
2165	3675
2165	4683
2166	2167
2166	4645
2167	2168
2167	2169
2167	4813
2168	2169
2168	2170
2169	2170
2169	4642
2169	2511
2170	3752
2170	4083
2171	2172
2171	2979
2171	4930
2172	2174
2173	2175
2173	2367
2173	4747
2174	2175
2174	3158
2175	2176
2175	3441
2176	3223
2176	2519
2178	2553
2179	2181
2179	4543
2180	2181
2180	3463
2181	3536
2181	3146
2181	2476
2181	2557
2181	2688
2182	2183
2182	2184
2183	2185
2184	2186
2184	4349
2185	3534
2185	2220
2186	3994
2186	4007
2186	4333
2186	4722
2187	4476
2188	2189
2188	2190
2189	2426
2189	3371
2190	2191
2190	2192
2191	3341
2191	4573
2192	2193
2193	2194
2193	3879
2193	2501
2194	2195
2194	2196
2194	4396
2195	2196
2195	2197
2195	3035
2195	4389
2196	2197
2196	4056
2196	3788
2197	2199
2197	4510
2197	3169
2198	2199
2198	2200
2199	2201
2199	2324
2200	2886
2201	2203
2202	2203
2202	2204
2202	4668
2203	2204
2205	4609
2205	4849
2205	3790
2206	2208
2206	3959
2207	2208
2208	2209
2208	2210
2208	2562
2208	4580
2209	2211
2209	3862
2210	2211
2210	3958
2211	2212
2212	2213
2212	2214
2213	2214
2213	2215
2214	4581
2214	4332
2215	2216
2215	2217
2216	2217
2216	2218
2216	3342
2217	2218
2217	2219
2218	2219
2218	2220
2218	2611
2218	4877
2219	2220
2219	2221
2220	2222
2221	2223
2221	3706
2221	4068
2222	2223
2222	4342
2223	2225
2223	2536
2224	2225
2224	4104
2225	2226
2225	2227
2225	2580
2226	4667
2227	2228
2227	2229
2228	2229
2228	3672
2228	2313
2229	2231
2229	2493
2230	2231
2231	2232
2231	4318
2231	4860
2232	2233
2232	2234
2233	3976
2233	4355
2233	4200
2235	2237
2236	2342
2236	4490
2237	4344
2237	3950
2238	2240
2239	3378
2240	2242
2240	4976
2241	2243
2241	3128
2242	2243
2242	4882
2242	2570
2243	3501
2243	2260
2244	2246
2245	2246
2245	2524
2246	2247
2247	4842
2248	4594
2248	4691
2249	2251
2249	4304
2250	2251
2250	2252
2252	3476
2252	4535
2253	2254
2253	2255
2254	2255
2254	3853
2255	2256
2256	2258
2256	2885
2257	2961
2258	2259
2258	2260
2258	2840
2259	2261
2259	2891
2259	2940
2260	2422
2261	2262
2261	2263
2262	2263
2262	4691
2262	3696
2263	2265
2264	2265
2264	2266
2265	2357
2266	2267
2266	2268
2266	2541
2268	2269
2268	3552
2268	2590
2268	3558
2269	2270
2270	2272
2270	4167
2271	2272
2271	2273
2271	4781
2272	2273
2272	2274
2273	2274
2273	4829
2274	2275
2274	4203
2275	2277
2275	4025
2275	3296
2276	3502
2277	3464
2278	2280
2278	3815
2279	2281
2279	4952
2280	2281
2280	3573
2281	2282
2282	2283
2282	2586
2283	2284
2283	2285
2284	2285
2284	3236
2284	4308
2285	2286
2285	2287
2285	2328
2286	2733
2287	2288
2287	2736
2288	3048
2289	2290
2289	2291
2289	4759
2290	3800
2290	4239
2291	4349
2292	3249
2293	2295
2294	2295
2294	2296
2294	4481
2295	2297
2296	2297
2296	2298
2296	2766
2297	3465
2298	2299
2298	2300
2299	2300
2299	2692
2299	2802
2299	3680
2300	3214
2300	4280
2301	2302
2302	2303
2303	2304
2303	2305
2304	2306
2305	2307
2305	3196
2306	2308
2307	2308
2307	2309
2308	2309
2308	4924
2309	2311
2310	2311
2310	4285
2311	2312
2312	2313
2312	4980
2313	2314
2313	4655
2314	2315
2314	2316
2315	2317
2315	4796
2316	2317
2316	2636
2316	3352
2317	2318
2317	2319
2318	2319
2319	2321
2319	2347
2320	2322
2320	2849
2320	4880
2321	2322
2321	3793
2321	3561
2322	4178
2323	3584
2323	3984
2323	4613
2323	3667
2324	2326
2324	3841
2325	2326
2325	2327
2326	2327
2327	2328
2327	2766
2328	2330
2328	4893
2329	2331
2330	2331
2330	3619
2332	2448
2332	3847
2332	4872
2333	2335
2334	3946
2335	2336
2336	2338
2336	3741
2337	2339
2337	2858
2339	2340
2340	2341
2340	2342
2341	4663
2342	4634
2343	2344
2343	2345
2344	2346
2344	3850
2346	2347
2347	2348
2347	2349
2348	2350
2348	3007
2349	2350
2349	2351
2350	2352
2350	3792
2350	4869
2350	3383
2351	2352
2351	3624
2352	2353
2353	4756
2353	2425
2353	2946
2354	2355
2354	3017
2355	4578
2355	3297
2356	4585
2356	3187
2357	2358
2357	2359
2357	4090
2358	2899
2358	3326
2359	2361
2360	2362
2361	2362
2362	2363
2362	3682
2363	4458
2364	2366
2365	2366
2365	4862
2366	2368
2367	2368
2367	2369
2368	2370
2369	4295
2370	2372
2370	2996
2371	2372
2371	2373
2371	3482
2372	2373
2372	2374
2373	2374
2373	4182
2374	2376
2374	4419
2374	3221
2374	3668
2374	3055
2374	3697
2375	2376
2375	2377
2375	3074
2376	2377
2376	2378
2376	3124
2377	2378
2377	2379
2377	3069
2377	3748
2378	2379
2379	2380
2379	2381
2379	3795
2379	2403
2380	2381
2381	2383
2381	3047
2382	4694
2383	4659
2384	2386
2384	3528
2385	4392
2385	2650
2386	2387
2386	3917
2386	4197
2387	2388
2387	2389
2388	2389
2388	4984
2389	4624
2390	2392
2390	4849
2391	2392
2391	3893
2391	4660
2393	4573
2393	3117
2394	2395
2394	2396
2395	2858
2396	2397
2396	4614
2396	3959
2397	2399
2398	2399
2398	2400
2399	3994
2400	2401
2400	2402
2401	2402
2401	3591
2401	4647
2401	3709
2402	2403
2402	2404
2402	4164
2403	2404
2404	2406
2404	4415
2404	3196
2405	2541
2406	4690
2406	2578
2407	2409
2407	2829
2407	3302
2408	4374
2408	4456
2409	2411
2409	3278
2410	4826
2410	2570
2411	2412
2411	2413
2411	4999
2413	3535
2413	2760
2414	4149
2414	3029
2415	2416
2415	2417
2415	3127
2416	2417
2417	2418
2417	2918
2418	2419
2418	2420
2419	2421
2419	4695
2419	3235
2419	4672
2420	2421
2421	2422
2421	2423
2421	4194
2422	2424
2422	2497
2423	2424
2423	2425
2423	4037
2424	2425
2424	2426
2424	3491
2425	2427
2426	2427
2426	2428
2426	3259
2427	2428
2428	3461
2429	2430
2429	2431
2429	3133
2430	3892
2430	4639
2430	4372
2431	2432
2431	2433
2432	2434
2432	4292
2433	2435
2433	2659
2433	4970
2434	2436
2434	3862
2435	2436
2436	2437
2436	4194
2437	4621
2437	2817
2438	2439
2438	4696
2439	2441
2439	3641
2439	2521
2440	2441
2440	2442
2441	2991
2441	4514
2442	2443
2442	2444
2443	2445
2443	2870
2444	3066
2445	2447
2445	4413
2446	2448
2446	4107
2446	4005
2447	3100
2448	2450
2448	2826
2449	2450
2449	2451
2449	3114
2449	4405
2450	2451
2450	4274
2451	4153
2451	4313
2452	2454
2453	2454
2454	2456
2455	2456
2455	4652
2456	2457
2456	2458
2457	2458
2457	2614
2458	2460
2458	4780
2459	2460
2459	3825
2459	4488
2460	4719
2461	4980
2462	4075
2463	2464
2463	2466
2464	3589
2464	4049
2465	2466
2465	2467
2465	4559
2466	2467
2466	2468
2467	2469
2467	3003
2468	2470
2468	2924
2469	2471
2469	4487
2470	2471
2470	3736
2471	2472
2472	2473
2472	2474
2472	4995
2473	3997
2474	2475
2475	2476
2475	2477
2475	3706
2476	2477
2476	3019
2477	3719
2477	4317
2478	2479
2479	2481
2480	2482
2480	2532
2481	2482
2482	2483
2482	3619
2482	4273
2482	4730
2482	4299
2483	2540
2484	2486
2484	4942
2484	2780
2485	2486
2486	3328
2486	3844
2487	2489
2488	2490
2488	3645
2489	2490
2490	2491
2490	2492
2490	2512
2490	3360
2491	2493
2491	4674
2492	2493
2492	2494
2493	2495
2494	2496
2495	2497
2495	4893
2496	2498
2496	2831
2497	2505
2497	4229
2498	2499
2498	4553
2499	2501
2499	3647
2500	2501
2500	2502
2501	2502
2501	2503
2502	2503
2503	2504
2503	2505
2503	4961
2504	2505
2504	2506
2504	4278
2505	2506
2505	2794
2506	2507
2506	4241
2506	4899
2507	2508
2507	2616
2508	2510
2509	2510
2509	2834
2509	3844
2510	2512
2510	4807
2511	2512
2512	4299
2513	2514
2513	2515
2513	4521
2514	2515
2514	2516
2514	2947
2515	2516
2515	2517
2516	4323
2517	2518
2517	3835
2518	2519
2518	2520
2519	3451
2520	2521
2520	2522
2521	3497
2522	2523
2522	3791
2522	4229
2523	4367
2523	2909
2524	3902
2525	3951
2526	2527
2527	4965
2527	4780
2527	3182
2528	2529
2528	4007
2529	3687
2530	2532
2530	2719
2531	2532
2532	4862
2533	2534
2534	3737
2534	3283
2534	3543
2535	2536
2535	2537
2536	3639
2536	4018
2537	2539
2537	3601
2537	3659
2538	2540
2538	4585
2538	3102
2539	2540
2539	2541
2539	3867
2540	3473
2541	2542
2541	3626
2541	4207
2542	2543
2542	2544
2543	2544
2543	2545
2544	2545
2544	3473
2545	2546
2545	2547
2545	4989
2546	2547
2546	2548
2547	2548
2547	4313
2549	2550
2549	2551
2549	4410
2550	2551
2550	2552
2550	4237
2551	2552
2551	2553
2553	2555
2554	2555
2556	2557
2556	2558
2557	3187
2557	4534
2558	2559
2558	2560
2558	4878
2559	3743
2559	2647
2560	2561
2560	3244
2561	2562
2561	2563
2561	4391
2562	2564
2562	3320
2563	2564
2563	2565
2563	2670
2564	4304
2564	2942
2565	2567
2566	2567
2567	4691
2567	4724
2568	2569
2568	4855
2568	3052
2568	3535
2569	2571
2569	3615
2571	2572
2571	2573
2572	2574
2572	2834
2573	2575
2574	2575
2574	3417
2575	3753
2575	4609
2576	2577
2576	2578
2576	4141
2577	2578
2577	2579
2578	2579
2578	4131
2578	4552
2579	2580
2579	4154
2579	4499
2579	3738
2580	4258
2581	2583
2582	2583
2582	2584
2583	2584
2583	2585
2583	4769
2584	2585
2584	3407
2585	2586
2585	2587
2586	2587
2586	2588
2586	4448
2586	4173
2587	2588
2587	2825
2587	4368
2588	2931
2591	2593
2591	4960
2592	2593
2593	2594
2593	2914
2594	3828
2595	2596
2595	2597
2596	2598
2596	3732
2596	3924
2597	2598
2597	3720
2597	3236
2598	3585
2599	2601
2599	3425
2599	2679
2600	4824
2600	4387
2600	2607
2600	3906
2601	2602
2601	4627
2602	2603
2602	2604
2603	2604
2603	3440
2603	4853
2604	2606
2604	4997
2604	3634
2605	2607
2605	4554
2606	2607
2606	3239
2606	4228
2607	2900
2607	3075
2608	2610
2608	2652
2608	3553
2609	2610
2609	3361
2609	3819
2609	4883
2609	3419
2609	3940
2610	2612
2611	4533
2612	2614
2612	4903
2613	2615
2613	3738
2613	3581
2614	2615
2614	2616
2615	2617
2615	4328
2616	2617
2616	2618
2617	4154
2617	2635
2618	2619
2618	4523
2618	3743
2619	2620
2620	2622
2620	4268
2620	2728
2621	2622
2622	2624
2622	3027
2623	2625
2623	4548
2623	4310
2624	2625
2625	4928
2625	3515
2625	2751
2626	2627
2626	2628
2626	4615
2627	2628
2627	3913
2627	3106
2628	4982
2629	2631
2629	3085
2630	2632
2631	2633
2631	4513
2632	2633
2632	2634
2633	2635
2633	3001
2634	2636
2634	3487
2634	3562
2636	2638
2637	2638
2637	2639
2638	2639
2638	2640
2638	4690
2639	2640
2639	2641
2639	3060
2639	3941
2640	2642
2640	3531
2641	2642
2641	2643
2642	2643
2642	4708
2642	3822
2643	2645
2643	4419
2643	3608
2644	2645
2644	2646
2644	4155
2645	2646
2645	2647
2646	2648
2646	3262
2646	2667
2646	3579
2646	3340
2647	2648
2647	4239
2647	4572
2648	2650
2648	3878
2649	2651
2649	3982
2650	2651
2650	4577
2651	2652
2651	3259
2651	3841
2652	2653
2652	4455
2653	2654
2653	3974
2654	2655
2654	4830
2655	2656
2655	2657
2656	2657
2656	2658
2658	2660
2659	2661
2660	2661
2660	2662
2661	2662
2661	2663
2661	3006
2662	2664
2663	2664
2664	2665
2664	2666
2665	2666
2665	2667
2665	3767
2666	2667
2666	2668
2668	2789
2669	2670
2669	3816
2670	2671
2671	2673
2671	3529
2672	2673
2673	2674
2674	3779
2674	3330
2675	3651
2675	4469
2676	2677
2676	3005
2676	3522
2676	3183
2677	2678
2677	2679
2677	4099
2678	2679
2678	2680
2678	2933
2679	2680
2680	4000
2681	2848
2681	3049
2681	3131
2682	2684
2683	4002
2683	3171
2684	2685
2684	4882
2684	4548
2685	2687
2685	3127
2685	4291
2686	2687
2686	4718
2686	3696
2688	2689
2689	2691
2689	3740
2690	2692
2691	2692
2691	4252
2691	4388
2692	4777
2693	2695
2694	2695
2695	2696
2695	2697
2695	3081
2696	2697
2696	2698
2697	4376
2698	3134
2698	3733
2699	2700
2699	2701
2699	4592
2700	4500
2700	2863
2701	2703
2702	2704
2703	3666
2704	2705
2704	4798
2704	4816
2705	4805
2705	3497
2706	3759
2706	4379
2706	3777
2707	4085
2707	4106
2708	2709
2708	2710
2709	2711
2709	3831
2710	2711
2710	2712
2711	2712
2711	3793
2711	4876
2712	2713
2712	2714
2712	3549
2713	2714
2713	4130
2714	2715
2714	2768
2714	4179
2715	4826
2715	4248
2716	2717
2716	2718
2717	2718
2717	2719
2717	4518
2718	2720
2718	2961
2718	3770
2719	2890
2720	2721
2720	2722
2720	2800
2721	2722
2722	4545
2723	2725
2723	4242
2724	4057
2724	4848
2725	2726
2725	2727
2726	2727
2726	2728
2727	2729
2727	2975
2727	4125
2727	2943
2728	2866
2728	3900
2728	4101
2729	2730
2729	2731
2730	2731
2730	2752
2731	2788
2731	2901
2732	2733
2732	2734
2732	3018
2733	2735
2734	4910
2735	2736
2736	3982
2736	2975
2737	4464
2737	3375
2737	4060
2738	3829
2739	3591
2740	2741
2740	2742
2740	4080
2741	2743
2741	3748
2741	4787
2742	2743
2742	2744
2742	3814
2743	2744
2743	3252
2744	2745
2744	2746
2745	2747
2745	4818
2745	4293
2746	3268
2746	4058
2746	4942
2747	2748
2747	4619
2747	3762
2748	2749
2748	3217
2748	4293
2749	2750
2750	3929
2751	2752
2751	2753
2751	4918
2752	2754
2754	2755
2754	4284
2754	2816
2756	4534
2756	3707
2757	4117
2757	3978
2757	4153
2758	2759
2759	2760
2760	3437
2761	2763
2761	4370
2762	3999
2762	2989
2763	3941
2764	2765
2764	2766
2765	2766
2765	2767
2767	2769
2767	3565
2767	2920
2768	4521
2769	2782
2769	4548
2770	2771
2771	2772
2771	2773
2772	2773
2772	2774
2772	4145
2772	3243
2773	2775
2774	2775
2774	4452
2774	3803
2775	4222
2775	3722
2776	2777
2776	2778
2777	2778
2777	2779
2777	3039
2778	2779
2778	2780
2779	2780
2779	2781
2780	4649
2780	3894
2781	3255
2781	2836
2782	2783
2782	2784
2782	3280
2783	3612
2783	4342
2784	3068
2784	4751
2785	3465
2786	3093
2786	4285
2787	2788
2788	2789
2788	2790
2789	2790
2790	2791
2790	2792
2791	2792
2791	2793
2792	2793
2792	4473
2792	4358
2793	4912
2793	4097
2794	2795
2795	2796
2795	2797
2795	4359
2796	2798
2797	2798
2797	3528
2797	3408
2798	2799
2798	2800
2798	4329
2799	2800
2799	2801
2800	2802
2801	2802
2801	3468
2801	4495
2803	2804
2803	2805
2804	2805
2804	2806
2804	3314
2805	2806
2805	2920
2806	2808
2806	4261
2806	4557
2806	4587
2807	2809
2807	3767
2808	4714
2808	2907
2809	2810
2809	2811
2811	2812
2811	3580
2811	3561
2812	2814
2812	3456
2813	2814
2813	2815
2813	4943
2814	3803
2814	2939
2815	2816
2815	2817
2815	2831
2815	4382
2816	3612
2817	2819
2818	2820
2818	4985
2819	2821
2820	2821
2820	2822
2821	2822
2821	3170
2823	2824
2823	2825
2823	3710
2824	2825
2824	2826
2825	4764
2826	4107
2826	3281
2827	2828
2827	2829
2828	2829
2828	2830
2828	4043
2829	2831
2829	3279
2830	2832
2830	3606
2831	3865
2832	2834
2832	3574
2833	2834
2833	3536
2835	3578
2835	4702
2836	2838
2837	2838
2837	2839
2838	2839
2838	3880
2838	3113
2839	2840
2839	2841
2839	4181
2840	3510
2841	2843
2842	2843
2842	4178
2842	3025
2843	2844
2843	2845
2844	3663
2845	2846
2846	2847
2847	2848
2847	4260
2848	2850
2848	3285
2849	4544
2850	2852
2850	3876
2850	4430
2851	2853
2852	2853
2852	2854
2853	2855
2853	4774
2854	2856
2854	3771
2854	3496
2855	2857
2855	3594
2856	2857
2856	2858
2857	2859
2857	3479
2858	2859
2858	3995
2858	4881
2859	2860
2860	3511
2860	3771
2861	2877
2861	3960
2861	4393
2862	2863
2862	4360
2862	4826
2863	3759
2864	2865
2864	3492
2865	2867
2866	2868
2867	2868
2867	2869
2868	2869
2868	4054
2869	2871
2870	2872
2870	3483
2871	2873
2871	3346
2871	3199
2872	4465
2872	4223
2872	4011
2873	2875
2873	3748
2874	2875
2874	4017
2875	2876
2875	2877
2875	3109
2876	2878
2877	2878
2877	2879
2878	2879
2878	2880
2878	4789
2878	3171
2879	4234
2880	2881
2880	2882
2881	2882
2881	2883
2882	2883
2882	2884
2883	2884
2883	2885
2885	4385
2886	4800
2887	2889
2888	2889
2888	3745
2888	4503
2889	2891
2889	3269
2890	2891
2890	4181
2891	3582
2892	2894
2892	3914
2893	4855
2894	4668
2895	2896
2895	2897
2895	3542
2896	4485
2897	2898
2897	2899
2898	4305
2899	2900
2900	2902
2900	3901
2900	2905
2902	2904
2902	3274
2902	4516
2903	3530
2904	2906
2904	4930
2905	2907
2906	2907
2908	2909
2908	2910
2909	2911
2909	4703
2910	4812
2910	3669
2910	4717
2911	4614
2911	4364
2911	4898
2913	3295
2913	3292
2914	2915
2914	2916
2914	4830
2915	4993
2916	2917
2916	2918
2917	4408
2917	4547
2917	3234
2918	2920
2919	2920
2919	2921
2920	2921
2921	2923
2922	2923
2922	2924
2922	3991
2923	2925
2923	3170
2924	2925
2924	2926
2924	4191
2925	2954
2925	3294
2926	2927
2926	2928
2926	3304
2926	4646
2927	2928
2927	2929
2928	2929
2928	4022
2928	4082
2929	2930
2929	2931
2930	2931
2930	2970
2930	4001
2931	2932
2932	2933
2932	3735
2932	4626
2932	4672
2933	4966
2934	2936
2934	3305
2934	4177
2935	2936
2935	4928
2936	3765
2937	4909
2938	2940
2938	3560
2938	3072
2939	2940
2940	2941
2941	2942
2941	4921
2942	3135
2944	2945
2944	2946
2945	2947
2945	4323
2945	4361
2945	3937
2946	2947
2946	2948
2947	2948
2948	4020
2949	2950
2949	2951
2950	2951
2950	2952
2951	2953
2952	3150
2953	2955
2953	4236
2954	2955
2954	2956
2954	3381
2954	3580
2956	2957
2956	3837
2956	4124
2957	2958
2957	2959
2958	3135
2958	4211
2958	3444
2959	2960
2959	3020
2960	2961
2960	2962
2961	3903
2961	3937
2962	2963
2962	2964
2963	2965
2963	4401
2964	4620
2965	2966
2965	2967
2966	2967
2966	2968
2966	4494
2967	2968
2967	3738
2968	2969
2968	3073
2969	2994
2969	4892
2970	3653
2970	4567
2971	2972
2971	2973
2971	4913
2973	2974
2974	2975
2974	4451
2975	2977
2976	2977
2976	2978
2977	2979
2978	2979
2978	2980
2979	2981
2980	2982
2981	2982
2981	2983
2982	2983
2983	2984
2983	2985
2984	2985
2984	2986
2984	3332
2985	2987
2985	3480
2986	2987
2986	3780
2987	4108
2987	3627
2987	4346
2988	2990
2989	2990
2989	3889
2990	2991
2990	2992
2991	2993
2991	4858
2992	2994
2993	2994
2993	4120
2994	2995
2994	3005
2994	4644
2995	2997
2995	4305
2995	4708
2996	2997
2996	3814
2997	2998
2997	2999
2997	4259
2998	3800
2998	3869
2998	3672
2998	4321
2999	3000
2999	3001
2999	4658
3000	3001
3000	3944
3001	3002
3002	3003
3002	3004
3003	3564
3003	4497
3004	4642
3006	4503
3007	3009
3007	4908
3009	3010
3009	3011
3010	3628
3011	3013
3011	3565
3011	4795
3012	3014
3013	3014
3013	3015
3014	3015
3014	3016
3015	3017
3015	3525
3016	4867
3017	3343
3017	3770
3018	3020
3019	3021
3020	3022
3021	3022
3022	3024
3023	4621
3023	3454
3023	3576
3024	3026
3026	3027
3026	4042
3027	3029
3028	3029
3028	4069
3030	3031
3030	3032
3031	3032
3031	3033
3032	3033
3032	4720
3032	4654
3033	3034
3033	3035
3034	3036
3034	4405
3035	3036
3036	3038
3036	4451
3037	3734
3037	4763
3037	4654
3038	3298
3038	3899
3039	3755
3040	3042
3040	4223
3041	3043
3041	4877
3042	3044
3043	3044
3043	3562
3044	3045
3044	3046
3044	3226
3044	4216
3045	3046
3046	3047
3046	3456
3047	3048
3047	4687
3048	4030
3048	4284
3049	3051
3049	3476
3049	4607
3050	3052
3050	4244
3052	3053
3053	3054
3053	3757
3054	3055
3054	3056
3055	3056
3056	4668
3057	3059
3058	3060
3059	4396
3060	3172
3060	4778
3061	3062
3061	3063
3062	3064
3062	3485
3062	3105
3063	3064
3063	3065
3064	3065
3064	3066
3065	4540
3066	3067
3066	3068
3067	3705
3067	3133
3068	3069
3068	4085
3069	4362
3069	4492
3069	3161
3070	3071
3070	3460
3071	3072
3071	3073
3072	4803
3073	3075
3073	4876
3074	3813
3075	3076
3076	3078
3077	3078
3078	3080
3078	3293
3078	4772
3079	4667
3079	3337
3080	3082
3081	3082
3082	3199
3082	4918
3083	3084
3083	3792
3084	3085
3084	3086
3084	3790
3085	3087
3086	3087
3087	4803
3088	3089
3088	3090
3089	3340
3090	3091
3090	3092
3091	3092
3092	3093
3092	3094
3093	3095
3093	3953
3093	4444
3094	3095
3094	4414
3095	3096
3095	3097
3096	3097
3096	3098
3097	3099
3097	3765
3097	4489
3098	3099
3098	3100
3099	3100
3099	3146
3100	3101
3100	4624
3101	3171
3103	3104
3103	3105
3104	3105
3104	3106
3105	3106
3107	3108
3107	3109
3108	3110
3108	4955
3109	3110
3109	4031
3110	3111
3110	3112
3110	3703
3110	4246
3111	4781
3112	3113
3112	3114
3113	4620
3114	3116
3115	3116
3115	3117
3116	3118
3116	4438
3117	3119
3118	3119
3119	3120
3119	3121
3120	3121
3120	3122
3121	3122
3121	4503
3121	3770
3122	3123
3122	3124
3122	4798
3123	3124
3123	3267
3124	3125
3125	3126
3125	3127
3126	4469
3127	3129
3127	3729
3127	4843
3127	4212
3128	3129
3129	3130
3129	3131
3130	3132
3132	3133
3132	3134
3133	3135
3134	4379
3135	3136
3135	3930
3136	3137
3136	4983
3136	4592
3137	3138
3137	3139
3138	3139
3139	3140
3139	3141
3139	3915
3140	3142
3140	4037
3140	3670
3141	3912
3141	4048
3142	3143
3142	3144
3143	3144
3143	4707
3144	3145
3144	3571
3144	3595
3144	3829
3145	3147
3145	4455
3146	3147
3146	3148
3146	4328
3147	3148
3147	4196
3148	3150
3148	4887
3149	3150
3149	3151
3149	4689
3150	4166
3151	3152
3151	3153
3152	3153
3153	3154
3153	4096
3154	3156
3155	4958
3156	3157
3156	3158
3156	4104
3157	3158
3157	3823
3158	3159
3158	3160
3159	3161
3159	4234
3160	3161
3160	3973
3162	3476
3163	3164
3163	3165
3164	3166
3165	3167
3165	4099
3166	3167
3166	3168
3167	3169
3167	4008
3167	3431
3168	3170
3168	3575
3168	4202
3169	4924
3170	3171
3170	3172
3172	3174
3173	3174
3173	3363
3174	3175
3175	3176
3176	3177
3176	3178
3177	4951
3178	3179
3178	3180
3179	3180
3179	3181
3179	3247
3180	3182
3181	3182
3182	3184
3183	3185
3184	3619
3185	3186
3185	3187
3186	3187
3187	3188
3187	3189
3188	3189
3188	3190
3188	4827
3189	3190
3190	4178
3190	4044
3191	3192
3191	3193
3192	3194
3192	4256
3193	3195
3193	3498
3194	3733
3195	4706
3195	3278
3196	3198
3197	3199
3197	4748
3198	3200
3198	4118
3199	3201
3200	3202
3200	3241
3201	3202
3202	3203
3202	4428
3202	4971
3202	4550
3203	3204
3203	3205
3204	3205
3204	4269
3205	3206
3205	3207
3206	3207
3206	4595
3207	3208
3207	3718
3207	4771
3208	3209
3208	3210
3209	3210
3209	4227
3210	3211
3210	4765
3210	3338
3211	3212
3211	3213
3211	4765
3211	4843
3212	3213
3213	3214
3213	3215
3214	3216
3214	3600
3214	4791
3215	3216
3215	3217
3216	3218
3216	3681
3217	3219
3218	3219
3218	3220
3219	3220
3219	3221
3220	3221
3220	3222
3221	3223
3221	4688
3221	3496
3222	3223
3222	3414
3222	4382
3223	3224
3225	4847
3225	4414
3226	4523
3226	4557
3227	3229
3227	3248
3227	3244
3227	3402
3228	3229
3228	3842
3230	3231
3230	4947
3231	3233
3231	4120
3232	3233
3232	3234
3233	3234
3234	3235
3235	3237
3237	3238
3237	4800
3237	4584
3238	3239
3238	3240
3239	3887
3240	3242
3241	3242
3242	3243
3242	3244
3244	3699
3244	4901
3245	3247
3246	4923
3247	3248
3248	3249
3248	3250
3250	3251
3250	3252
3251	3253
3251	4626
3251	4954
3253	3254
3253	4965
3254	3255
3254	3256
3255	4373
3256	3258
3257	3259
3257	3853
3257	4648
3258	3260
3258	4546
3259	4671
3259	3573
3260	3261
3260	4624
3262	3263
3264	3265
3265	3266
3265	3267
3266	3267
3267	4751
3268	3269
3268	3270
3269	3271
3270	3271
3272	4946
3273	3274
3273	3275
3274	3276
3275	3276
3275	3277
3276	4762
3277	3278
3277	4537
3278	3279
3278	4339
3279	3280
3280	3282
3280	4594
3281	3282
3281	3283
3281	4509
3282	3447
3283	3284
3283	4666
3284	3286
3284	4232
3285	3286
3285	3287
3286	4654
3286	4686
3287	3288
3288	3289
3289	3291
3289	4129
3290	3291
3290	4807
3291	3292
3291	3293
3293	3294
3293	3295
3294	4653
3295	3297
3295	4827
3296	3297
3297	3299
3297	4077
3298	3299
3298	3300
3298	4603
3299	3300
3301	3303
3302	3937
3303	4766
3303	4619
3304	3306
3305	3307
3306	3307
3307	3308
3307	3880
3308	3894
3309	3310
3309	3311
3310	3672
3311	3312
3312	3313
3312	3314
3313	3315
3314	3316
3314	4610
3315	3316
3315	3317
3316	3814
3316	4153
3317	3319
3318	3320
3319	3320
3320	3321
3321	3322
3321	3323
3322	3653
3323	3324
3323	3325
3325	3326
3326	3328
3327	4963
3328	3329
3328	3330
3329	3330
3329	3331
3330	3332
3330	3428
3331	3332
3331	3333
3331	3910
3332	3334
3333	3334
3333	4077
3334	3335
3334	3336
3335	3336
3336	3337
3337	3339
3338	3339
3338	3340
3339	3340
3339	3341
3339	4455
3340	3341
3342	3343
3343	3345
3344	3345
3345	3346
3345	4412
3345	3898
3346	3347
3346	4878
3347	3348
3347	3349
3348	3350
3348	4556
3349	3351
3349	4477
3350	3351
3350	4231
3351	3352
3351	3353
3351	4804
3352	4153
3353	3354
3353	4766
3354	3355
3354	4974
3355	3997
3355	3715
3356	3357
3356	3358
3357	3358
3357	3359
3358	3359
3358	3360
3359	3360
3360	4602
3361	3788
3361	3454
3362	3364
3363	3364
3363	3365
3364	3365
3364	3366
3365	3367
3365	4275
3365	3418
3366	3367
3366	4011
3367	3368
3368	3369
3368	3370
3369	3370
3369	3372
3370	3371
3370	3372
3371	3792
3371	4543
3373	4286
3373	4054
3374	3375
3374	3376
3375	3376
3375	3377
3377	3379
3378	3379
3379	3380
3380	3381
3380	3382
3381	3383
3382	3383
3383	4436
3384	3385
3384	3386
3385	3387
3386	3387
3386	3664
3387	3389
3388	3389
3388	3390
3388	4947
3389	3390
3389	3391
3390	3391
3390	3392
3391	3392
3391	3393
3392	3394
3393	3394
3393	3395
3393	4728
3394	3396
3395	3396
3395	3397
3396	3397
3396	3493
3397	3398
3397	3399
3398	3399
3399	3704
3400	3402
3401	3403
3402	3403
3403	3404
3403	3405
3404	3406
3404	3632
3404	3484
3405	3406
3406	3408
3406	3499
3407	3409
3407	4021
3408	3409
3409	4319
3409	4206
3409	4717
3410	3412
3410	4676
3411	3412
3412	3413
3412	3414
3412	3853
3413	3414
3413	3415
3414	3415
3414	3416
3415	3416
3415	4662
3415	4919
3416	3417
3416	3418
3417	3419
3418	3420
3419	4783
3420	3421
3421	3423
3421	4123
3422	3424
3422	4727
3423	3425
3423	3953
3423	4457
3424	3426
3425	3546
3425	4801
3427	3428
3427	4823
3428	3430
3429	3430
3429	3431
3430	3432
3431	3432
3431	4337
3432	3433
3432	3434
3433	4192
3433	4990
3435	3436
3435	3437
3436	3438
3437	4886
3438	3439
3439	3440
3441	3443
3441	4903
3442	3443
3442	3444
3442	3696
3443	3445
3443	4108
3445	3447
3445	4405
3445	4182
3446	3447
3446	3448
3447	4018
3448	3450
3450	3451
3451	4191
3452	3453
3452	3454
3452	4676
3452	4784
3453	3454
3453	3455
3455	3457
3455	3864
3456	3458
3456	3897
3457	3459
3457	4018
3458	3459
3459	3460
3460	4493
3461	3463
3461	3506
3462	3463
3462	4705
3464	3466
3464	4525
3466	3467
3466	3468
3467	4064
3467	4444
3468	3470
3469	3470
3469	3471
3470	3471
3470	3472
3471	3472
3471	3473
3472	3473
3472	4113
3473	4210
3474	3475
3474	3476
3474	3645
3477	3479
3477	3542
3477	3990
3478	3479
3478	3480
3479	3480
3481	3482
3482	3483
3483	4636
3484	3485
3485	3486
3485	3487
3486	3487
3486	3567
3488	3489
3488	3490
3489	3490
3489	3491
3489	4661
3490	3492
3491	3492
3492	3493
3492	3494
3492	3720
3492	3902
3493	3494
3493	3948
3494	3495
3494	3542
3495	3496
3495	3497
3495	4876
3497	4358
3498	3499
3498	4498
3499	3500
3499	3501
3500	3501
3500	3502
3501	3502
3501	3503
3502	3503
3502	3504
3504	4328
3505	3506
3507	4821
3508	3510
3508	3753
3509	3510
3509	3922
3509	4933
3511	3513
3512	3513
3513	3514
3515	3595
3516	3517
3516	3713
3517	4795
3518	3520
3518	4219
3519	4712
3519	4237
3520	3521
3520	3522
3520	4829
3520	3998
3521	3523
3522	3524
3525	3526
3525	3527
3525	3545
3525	3974
3526	3528
3526	4407
3526	4429
3527	3529
3527	4196
3528	3613
3529	3531
3529	4467
3530	3532
3531	3533
3532	3533
3532	4204
3533	3534
3533	3535
3534	3535
3534	3536
3534	4203
3535	4980
3536	3538
3536	4048
3537	3538
3537	3539
3537	4336
3537	4839
3538	3742
3539	3540
3539	3541
3540	3541
3540	4025
3541	3542
3541	3543
3542	3543
3542	4483
3543	3592
3544	3546
3544	4789
3544	4434
3545	3547
3546	4432
3547	3548
3548	3550
3549	3551
3549	3926
3549	4968
3550	3552
3550	4888
3551	3561
3551	4928
3552	3553
3553	3994
3554	3555
3554	3556
3555	3556
3556	3557
3556	3558
3557	3559
3557	4660
3559	3561
3559	4363
3560	3561
3560	4549
3561	4613
3563	3564
3563	3565
3563	3567
3564	3565
3564	4794
3565	3567
3566	3567
3566	3568
3567	3568
3568	3569
3568	3570
3569	3773
3569	4021
3570	3571
3570	3572
3570	3821
3571	3572
3572	3574
3572	4275
3573	4475
3574	3772
3575	3576
3575	3577
3576	3577
3576	4921
3577	3578
3579	3581
3579	4962
3581	3583
3582	3583
3582	3735
3583	3585
3583	4910
3584	3585
3584	3586
3585	3586
3585	3587
3586	3587
3586	4114
3587	3588
3587	3589
3588	3589
3588	3590
3589	3590
3590	3592
3590	4967
3591	3593
3593	3595
3594	3596
3594	4110
3594	4988
3595	4237
3596	3598
3596	4122
3597	3598
3597	3599
3598	3599
3598	3600
3599	3600
3599	3601
3600	3601
3600	3602
3601	3602
3601	3603
3602	3604
3602	4131
3602	4736
3603	3604
3603	3605
3604	3605
3604	3606
3605	3606
3605	4821
3605	4628
3607	3608
3607	3609
3607	4562
3608	3609
3609	3710
3610	3612
3611	3612
3611	4928
3612	3614
3613	3614
3613	3615
3614	3854
3614	4546
3615	3616
3615	3617
3615	4897
3616	3618
3616	3764
3617	3618
3617	4689
3618	3619
3618	4983
3619	3621
3620	4245
3621	3765
3621	4912
3621	4512
3622	3623
3622	3624
3623	3624
3623	4777
3624	3625
3625	3626
3625	3627
3626	4012
3627	3628
3627	3629
3628	3629
3628	4458
3629	3630
3630	3632
3631	3632
3632	3634
3632	4354
3633	3635
3634	3636
3635	3637
3636	3637
3636	3638
3637	4712
3637	4228
3638	3639
3638	3824
3640	3641
3641	3642
3642	3643
3642	3644
3643	3644
3643	3645
3644	4799
3645	3647
3645	4796
3646	3647
3646	3648
3647	3648
3647	3649
3648	3650
3649	3650
3649	3953
3650	4098
3650	4335
3651	3652
3651	3653
3651	4925
3652	3654
3652	4351
3653	4353
3654	3655
3654	3656
3654	3995
3655	3657
3655	4884
3656	3657
3656	4639
3656	4016
3657	3658
3657	3918
3658	4699
3659	4206
3660	3661
3660	4484
3661	3662
3662	3663
3662	3664
3663	3664
3663	4225
3664	3665
3664	3666
3665	3666
3665	3667
3666	3667
3666	3740
3667	4911
3668	3670
3669	3671
3670	3671
3671	3672
3671	3673
3671	4965
3673	3675
3673	4244
3674	3675
3674	3676
3675	3676
3676	3929
3677	3679
3677	3992
3678	3679
3678	3680
3679	3680
3679	3933
3679	4462
3680	3681
3680	3682
3681	3682
3681	4242
3682	3683
3682	3684
3683	4731
3683	4935
3684	4435
3685	3686
3685	3687
3686	4278
3687	3688
3687	3905
3688	3689
3688	3690
3689	3690
3689	3691
3689	4365
3690	3692
3691	3692
3691	3693
3692	4939
3692	4692
3693	4751
3694	3696
3694	4190
3694	3880
3695	3697
3697	3928
3698	3699
3698	3700
3699	3701
3699	4794
3700	3701
3700	3702
3701	3702
3701	4974
3702	3703
3702	3704
3703	3705
3704	3705
3705	3706
3705	3707
3706	3872
3707	4133
3709	4119
3709	4070
3710	3711
3711	3712
3711	4721
3712	3714
3712	4724
3713	3714
3713	3715
3714	4295
3715	3717
3716	4563
3717	3718
3717	4074
3718	3720
3719	3720
3719	3721
3719	4740
3721	3722
3722	3723
3722	3724
3723	3724
3723	3725
3724	3726
3725	3726
3725	3727
3726	3727
3727	3729
3727	3877
3728	3729
3728	3730
3730	3732
3730	3803
3731	3732
3731	3733
3732	3733
3732	3734
3733	4303
3733	4725
3733	4752
3734	3736
3736	3738
3736	4325
3737	3738
3737	3739
3739	3740
3739	3741
3740	3741
3740	3742
3741	3743
3741	4983
3741	4945
3741	5000
3742	3744
3742	4010
3743	3744
3744	3746
3745	3747
3746	3748
3747	3748
3747	3749
3749	3750
3749	3751
3750	3752
3751	3752
3751	4946
3752	4758
3753	3754
3754	3764
3755	3756
3755	3757
3755	4017
3756	3757
3756	3758
3757	4577
3758	3760
3759	3761
3760	4881
3761	3763
3762	3763
3763	3764
3763	3765
3764	3766
3764	4546
3765	4439
3766	3767
3766	3768
3767	3768
3768	3769
3768	3770
3769	3770
3769	3771
3770	4469
3772	3774
3773	3882
3774	3775
3774	3776
3775	4541
3776	3777
3776	3778
3776	3876
3777	3778
3778	3780
3779	3780
3779	3781
3781	3783
3782	3783
3782	3784
3783	3785
3784	3786
3785	3786
3785	3787
3786	4485
3786	4547
3787	4259
3788	4800
3789	3790
3789	3791
3789	4078
3790	3792
3791	3793
3792	3794
3794	3796
3794	4485
3794	4086
3795	3797
3795	4469
3796	3797
3796	3798
3797	3799
3798	3799
3798	4143
3799	3800
3799	4152
3801	3802
3801	3803
3801	4296
3802	3804
3802	4982
3803	3804
3803	3805
3804	3805
3804	3806
3805	3807
3806	3807
3806	4101
3807	3808
3807	3809
3807	4560
3808	3809
3808	3810
3809	3811
3810	3811
3810	3812
3810	4711
3810	4986
3811	3812
3811	3813
3812	3813
3812	3814
3813	3814
3813	3815
3813	4927
3815	3816
3815	3817
3815	3893
3816	3818
3817	3819
3818	3820
3819	3821
3819	4870
3821	3822
3822	3823
3823	3824
3823	3825
3824	3825
3825	3826
3825	3827
3826	3828
3826	4890
3827	3829
3828	4196
3828	3978
3830	3832
3830	3834
3830	3835
3831	3832
3831	4360
3832	3833
3832	4923
3833	3834
3833	4524
3835	3836
3835	4872
3836	3838
3837	3839
3838	3839
3839	3840
3839	4538
3840	3841
3840	4124
3841	3843
3842	3844
3843	3844
3843	3845
3844	3955
3845	3846
3845	3847
3846	3847
3846	3848
3848	3849
3848	3850
3849	3850
3850	3851
3850	3852
3851	3852
3851	4010
3852	3854
3852	4430
3854	3856
3855	3856
3856	3857
3857	3858
3858	3859
3858	3860
3858	4996
3859	3860
3859	4933
3860	3862
3860	4458
3861	3863
3861	4453
3861	4279
3862	3863
3863	3864
3863	4279
3864	3866
3864	4819
3865	3867
3866	3867
3867	3868
3868	3869
3868	4904
3869	3871
3869	3926
3870	4720
3870	4200
3871	3872
3871	3873
3872	4361
3873	3874
3873	3875
3873	4866
3874	3876
3874	4379
3874	4965
3875	3876
3877	3879
3878	3880
3878	3976
3878	4582
3879	3881
3879	4006
3881	3882
3881	3883
3882	3883
3882	4623
3883	3884
3883	3885
3884	3911
3885	3886
3885	3887
3886	3888
3887	3888
3888	3889
3888	4146
3889	4584
3890	3891
3890	3892
3891	3892
3891	3893
3892	4214
3894	3895
3894	4186
3895	3896
3895	3897
3896	3897
3896	3898
3896	4952
3897	3898
3897	4987
3897	4779
3898	3900
3898	4149
3899	3900
3899	3901
3900	3902
3901	3902
3901	3903
3902	3903
3903	3905
3904	3905
3904	4182
3905	3907
3906	3907
3906	4929
3907	3909
3907	3994
3907	4644
3907	3948
3908	3910
3908	4538
3909	3911
3909	4391
3909	3949
3910	3912
3911	3912
3911	4266
3911	4601
3913	3914
3913	3915
3915	3916
3916	3917
3916	3918
3916	4121
3917	3919
3917	4857
3918	3919
3919	3920
3919	3921
3920	3921
3922	3924
3923	3924
3924	3925
3925	3926
3925	3927
3927	3928
3928	4355
3931	3933
3931	4944
3932	3933
3933	4294
3933	4496
3934	3935
3934	3936
3935	3937
3935	4615
3936	3937
3936	3938
3938	3939
3938	3940
3941	3942
3942	3944
3942	4950
3943	3944
3943	4682
3944	3945
3944	4512
3945	3946
3947	3948
3947	3949
3949	3950
3949	4514
3951	3952
3952	3953
3952	3954
3952	3967
3953	3955
3954	3955
3954	3956
3955	3957
3956	3957
3956	4293
3957	3958
3957	3959
3958	3960
3959	3960
3961	3963
3963	3964
3963	3965
3964	3965
3964	3966
3965	3966
3965	3967
3965	4226
3966	3967
3967	3968
3968	3970
3969	3970
3970	3971
3971	3972
3971	3973
3972	3974
3973	3974
3973	4678
3974	4812
3974	4173
3975	3976
3976	3978
3977	3979
3978	3979
3978	4330
3979	3980
3980	3981
3980	3982
3981	3982
3981	3983
3981	4409
3983	3985
3983	4452
3985	3986
3986	3987
3986	3988
3988	3989
3990	3992
3992	3994
3993	3994
3994	4722
3997	3998
3997	3999
3998	3999
3999	4000
4000	4282
4001	4752
4002	4004
4005	4006
4006	4008
4007	4009
4008	4009
4008	4010
4009	4010
4010	4646
4011	4012
4012	4800
4014	4015
4014	4016
4015	4693
4015	4506
4016	4017
4016	4923
4017	4019
4018	4020
4018	4659
4019	4020
4019	4021
4019	4111
4019	4564
4019	4774
4020	4022
4020	4345
4021	4022
4021	4023
4022	4024
4022	4206
4022	4248
4023	4024
4023	4025
4024	4471
4024	4383
4025	4026
4026	4027
4027	4029
4027	4389
4027	4951
4028	4030
4029	4031
4030	4141
4031	4033
4032	4033
4032	4034
4033	4034
4033	4035
4034	4036
4034	4596
4035	4036
4036	4037
4037	4039
4038	4563
4038	4545
4039	4041
4039	4309
4040	4041
4040	4042
4041	4042
4041	4992
4042	4043
4042	4301
4043	4055
4044	4046
4044	4708
4045	4046
4046	4048
4047	4048
4047	4049
4047	4713
4048	4979
4049	4050
4050	4051
4050	4052
4051	4052
4051	4053
4051	4679
4052	4054
4052	4532
4053	4054
4053	4055
4054	4056
4055	4056
4055	4786
4056	4058
4057	4059
4058	4059
4058	4060
4059	4061
4060	4061
4061	4062
4061	4063
4061	4885
4063	4064
4063	4065
4064	4065
4064	4066
4065	4067
4066	4067
4066	4172
4067	4068
4067	4069
4068	4069
4068	4446
4069	4070
4069	4071
4070	4072
4070	4156
4070	4473
4071	4777
4073	4074
4073	4271
4074	4076
4075	4076
4075	4077
4076	4078
4077	4078
4078	4080
4079	4080
4080	4082
4081	4082
4081	4083
4082	4083
4082	4896
4083	4085
4084	4085
4084	4086
4085	4086
4085	4087
4086	4087
4087	4118
4088	4089
4088	4090
4089	4091
4090	4092
4091	4093
4092	4093
4092	4094
4093	4095
4093	4206
4093	4606
4094	4573
4095	4096
4095	4097
4096	4098
4096	4514
4097	4098
4098	4099
4098	4188
4100	4102
4101	4103
4102	4103
4102	4104
4103	4104
4103	4105
4104	4106
4104	4148
4105	4107
4105	4541
4106	4107
4107	4109
4107	4755
4108	4109
4108	4110
4111	4112
4111	4528
4111	4579
4112	4113
4112	4114
4112	4152
4112	4387
4113	4115
4114	4115
4115	4116
4115	4117
4115	4534
4116	4118
4117	4141
4118	4119
4118	4120
4119	4121
4120	4164
4121	4122
4122	4123
4122	4531
4122	4636
4123	4439
4124	4126
4125	4127
4126	4128
4127	4129
4127	4247
4128	4130
4128	4696
4129	4130
4130	4131
4130	4132
4131	4132
4132	4133
4132	4134
4133	4135
4133	4692
4134	4565
4134	4634
4135	4136
4135	4137
4136	4138
4136	4980
4137	4139
4138	4139
4138	4140
4139	4141
4140	4186
4140	4745
4142	4143
4142	4144
4143	4145
4144	4145
4145	4147
4147	4149
4148	4149
4148	4792
4149	4250
4150	4152
4150	4429
4151	4153
4154	4156
4155	4157
4156	4158
4157	4159
4158	4159
4158	4160
4159	4160
4159	4164
4160	4162
4160	4309
4161	4162
4162	4163
4162	4687
4163	4164
4163	4165
4164	4166
4164	4998
4165	4166
4165	4167
4166	4168
4167	4168
4167	4169
4167	4837
4168	4170
4169	4171
4170	4171
4170	4172
4171	4739
4172	4173
4172	4174
4174	4175
4174	4176
4175	4176
4175	4177
4176	4178
4177	4179
4177	4917
4178	4180
4178	4891
4178	4558
4179	4180
4180	4182
4181	4183
4182	4184
4183	4184
4183	4185
4183	4863
4184	4186
4185	4721
4187	4188
4187	4189
4187	4895
4188	4190
4190	4192
4191	4689
4192	4194
4193	4194
4193	4195
4195	4197
4195	4680
4196	4198
4197	4198
4197	4199
4198	4199
4198	4200
4199	4200
4200	4201
4202	4203
4203	4204
4205	4206
4205	4207
4207	4208
4207	4261
4208	4210
4209	4210
4209	4211
4211	4212
4211	4213
4212	4213
4212	4468
4213	4215
4214	4215
4214	4685
4215	4216
4215	4217
4216	4384
4217	4218
4217	4219
4218	4220
4219	4220
4219	4482
4220	4222
4221	4222
4222	4223
4224	4225
4224	4226
4225	4226
4225	4938
4227	4228
4227	4229
4228	4230
4229	4680
4230	4231
4230	4232
4230	4579
4231	4233
4231	4947
4232	4233
4232	4234
4233	4234
4233	4235
4234	4235
4234	4733
4235	4236
4235	4237
4236	4237
4236	4238
4237	4670
4237	4594
4238	4239
4238	4240
4239	4241
4240	4242
4240	4793
4241	4243
4242	4243
4243	4244
4243	4245
4244	4245
4245	4247
4246	4247
4247	4248
4248	4249
4248	4999
4249	4250
4250	4252
4250	4511
4251	4252
4251	4253
4253	4409
4254	4255
4255	4256
4256	4257
4257	4258
4257	4259
4258	4259
4258	4260
4259	4261
4259	4941
4259	4875
4260	4262
4262	4263
4262	4264
4262	4358
4263	4265
4265	4266
4266	4401
4267	4268
4268	4270
4269	4270
4269	4271
4270	4271
4270	4272
4271	4273
4272	4273
4272	4274
4273	4275
4274	4275
4274	4979
4275	4276
4275	4277
4276	4278
4277	4279
4278	4280
4280	4282
4281	4282
4282	4284
4283	4284
4283	4285
4285	4287
4285	4437
4286	4287
4286	4288
4287	4288
4287	4820
4288	4289
4288	4290
4289	4290
4289	4555
4290	4292
4291	4293
4292	4293
4294	4296
4295	4297
4295	4571
4296	4297
4297	4298
4297	4645
4298	4299
4298	4300
4299	4300
4300	4302
4301	4302
4301	4303
4302	4304
4302	4745
4303	4337
4305	4307
4306	4308
4306	4766
4307	4309
4308	4309
4308	4310
4309	4310
4310	4700
4311	4312
4311	4313
4311	4712
4312	4314
4313	4985
4314	4315
4315	4317
4316	4317
4316	4318
4317	4318
4317	4319
4318	4804
4319	4320
4319	4321
4320	4321
4320	4322
4321	4322
4322	4323
4322	4324
4323	4324
4324	4325
4324	4326
4324	4348
4324	4677
4325	4326
4326	4327
4326	4397
4327	4329
4328	4330
4330	4418
4331	4332
4331	4333
4331	4796
4332	4335
4333	4335
4334	4336
4335	4860
4338	4339
4338	4340
4340	4342
4340	4685
4341	4342
4342	4343
4343	4344
4343	4345
4345	4626
4346	4347
4347	4348
4347	4349
4348	4349
4349	4673
4350	4352
4350	4504
4351	4888
4352	4353
4352	4354
4353	4354
4353	4355
4354	4355
4354	4356
4355	4356
4355	4543
4356	4358
4357	4358
4359	4361
4360	4748
4361	4363
4363	4365
4364	4366
4364	4671
4365	4367
4366	4368
4366	4460
4367	4369
4367	4445
4368	4861
4369	4370
4369	4371
4370	4371
4370	4405
4371	4688
4372	4373
4373	4964
4373	4714
4374	4376
4375	4376
4375	4377
4376	4573
4376	4451
4377	4378
4378	4380
4379	4724
4379	4682
4380	4382
4381	4382
4383	4602
4384	4385
4384	4386
4385	4386
4385	4387
4386	4387
4386	4729
4390	4391
4390	4392
4391	4392
4392	4394
4393	4395
4394	4395
4394	4396
4395	4396
4395	4397
4395	4709
4396	4398
4396	4443
4397	4399
4397	4937
4398	4400
4399	4400
4399	4401
4400	4401
4400	4402
4401	4403
4402	4403
4402	4404
4403	4404
4403	4556
4404	4405
4404	4674
4405	4567
4406	4552
4407	4408
4407	4409
4408	4409
4408	4410
4410	4412
4411	4413
4413	4415
4414	4415
4414	4416
4415	4416
4415	4417
4416	4418
4417	4419
4418	4420
4418	4514
4419	4421
4420	4421
4420	4422
4421	4422
4421	4423
4422	4423
4423	4425
4423	4822
4424	4425
4424	4426
4425	4426
4425	4427
4426	4427
4426	4428
4426	4551
4427	4428
4427	4429
4428	4430
4429	4430
4430	4431
4431	4432
4431	4433
4431	4661
4434	4435
4436	4437
4436	4438
4436	4581
4437	4438
4439	4440
4439	4441
4440	4441
4440	4442
4441	4442
4442	4444
4442	4940
4443	4871
4444	4446
4445	4446
4446	4447
4447	4448
4448	4450
4449	4450
4450	4451
4450	4452
4451	4681
4452	4454
4453	4455
4454	4456
4454	4888
4454	4494
4455	4457
4456	4457
4459	4461
4460	4462
4461	4462
4462	4463
4463	4465
4464	4705
4465	4466
4465	4467
4466	4467
4466	4807
4467	4469
4468	4469
4469	4470
4470	4471
4470	4472
4472	4473
4472	4474
4473	4980
4474	4475
4474	4476
4475	4992
4476	4477
4476	4478
4477	4478
4477	4662
4478	4479
4478	4480
4479	4580
4480	4481
4481	4482
4482	4483
4482	4484
4484	4485
4484	4516
4485	4487
4486	4487
4490	4491
4490	4492
4491	4492
4491	4493
4492	4597
4493	4494
4493	4495
4496	4497
4498	4500
4499	4500
4499	4501
4500	4502
4501	4502
4502	4503
4502	4504
4505	4507
4506	4507
4506	4508
4507	4508
4507	4509
4508	4509
4508	4510
4509	4544
4510	4867
4511	4512
4513	4514
4513	4515
4514	4515
4515	4517
4515	4905
4517	4518
4517	4519
4517	4871
4518	4520
4519	4520
4519	4582
4520	4521
4521	4523
4522	4523
4522	4524
4523	4525
4524	4525
4524	4526
4525	4527
4525	4917
4526	4528
4526	4814
4527	4529
4528	4529
4529	4530
4530	4531
4531	4533
4532	4533
4532	4657
4535	4536
4536	4538
4538	4539
4539	4541
4540	4542
4541	4543
4542	4544
4545	4547
4546	4547
4547	4548
4547	4549
4547	4818
4548	4549
4549	4551
4549	4661
4550	4551
4551	4552
4552	4553
4553	4554
4554	4555
4555	4556
4555	4557
4556	4622
4558	4560
4559	4756
4560	4561
4561	4562
4561	4563
4562	4564
4563	4564
4563	4565
4566	4567
4566	4568
4567	4569
4567	4648
4568	4569
4568	4570
4569	4570
4569	4571
4570	4571
4571	4572
4572	4573
4573	4574
4574	4576
4576	4577
4576	4578
4577	4578
4578	4580
4580	4582
4582	4583
4583	4584
4583	4585
4584	4585
4584	4586
4585	4587
4586	4588
4587	4795
4588	4590
4589	4591
4590	4591
4590	4954
4591	4592
4591	4593
4592	4755
4593	4594
4593	4595
4595	4596
4595	4597
4596	4598
4597	4599
4598	4599
4598	4600
4600	4601
4602	4603
4602	4604
4603	4604
4604	4605
4604	4956
4605	4606
4605	4607
4607	4608
4608	4610
4609	4611
4610	4736
4612	4613
4612	4614
4613	4615
4614	4616
4617	4618
4617	4619
4618	4620
4619	4621
4620	4621
4620	4622
4621	4622
4621	4623
4623	4624
4626	4627
4627	4628
4627	4629
4628	4629
4629	4631
4629	4848
4630	4932
4631	4633
4632	4633
4632	4634
4633	4634
4635	4636
4635	4637
4636	4637
4636	4638
4638	4639
4638	4640
4639	4641
4640	4641
4640	4642
4640	4735
4642	4644
4643	4644
4643	4645
4645	4646
4646	4648
4647	4648
4647	4649
4649	4650
4651	4652
4651	4653
4653	4655
4654	4655
4655	4656
4656	4658
4656	4787
4657	4658
4658	4659
4659	4660
4659	4661
4660	4661
4662	4664
4663	4664
4664	4665
4664	4666
4665	4666
4666	4667
4666	4668
4667	4668
4667	4730
4668	4669
4669	4670
4669	4671
4671	4684
4673	4674
4673	4675
4674	4675
4674	4676
4675	4676
4676	4678
4677	4678
4678	4679
4679	4681
4680	4682
4681	4683
4683	4684
4684	4686
4685	4687
4687	4688
4687	4689
4688	4690
4689	4690
4690	4691
4692	4693
4692	4886
4693	4694
4693	4891
4695	4696
4696	4698
4697	4699
4698	4699
4699	4700
4700	4701
4700	4960
4701	4952
4702	4703
4703	4704
4703	4705
4704	4705
4704	4706
4705	4707
4706	4708
4707	4708
4708	4710
4710	4711
4710	4712
4712	4713
4714	4716
4715	4717
4717	4794
4718	4719
4719	4720
4720	4722
4721	4722
4721	4723
4722	4723
4722	4724
4723	4725
4725	4726
4725	4727
4726	4728
4727	4729
4730	4731
4731	4732
4731	4733
4732	4733
4733	4734
4734	4735
4734	4736
4735	4863
4737	4739
4738	4739
4738	4740
4739	4740
4739	4741
4740	4742
4741	4742
4741	4743
4742	4743
4743	4744
4743	4745
4746	4747
4746	4748
4747	4749
4748	4750
4749	4750
4749	4751
4749	4789
4750	4751
4750	4752
4752	4753
4753	4754
4753	4755
4754	4755
4754	4756
4756	4758
4757	4759
4757	4829
4760	4762
4761	4762
4761	4763
4762	4763
4763	4765
4767	4768
4767	4769
4768	4770
4769	4861
4770	4771
4770	4772
4771	4772
4771	4773
4773	4774
4773	4775
4774	4775
4775	4776
4775	4777
4776	4777
4776	4778
4777	4778
4778	4779
4778	4780
4778	4997
4779	4780
4780	4782
4782	4784
4782	4890
4783	4784
4783	4785
4784	4785
4785	4786
4786	4787
4786	4788
4788	4789
4790	4791
4790	4792
4794	4795
4795	4797
4797	4798
4800	4802
4801	4802
4801	4803
4802	4803
4803	4804
4804	4805
4804	4905
4805	4807
4805	4810
4806	4807
4806	4808
4807	4809
4808	4809
4808	4810
4809	4811
4811	4812
4813	4814
4814	4815
4814	4901
4815	4816
4815	4817
4817	4819
4818	4820
4819	4821
4820	4821
4820	4946
4821	4823
4822	4824
4823	4825
4824	4825
4824	4826
4825	4826
4825	4827
4826	4828
4828	4829
4828	4830
4829	4831
4830	4832
4831	4833
4832	4833
4833	4834
4833	4835
4834	4835
4834	4836
4835	4836
4835	4837
4836	4837
4836	4838
4837	4839
4838	4839
4838	4840
4839	4840
4840	4841
4840	4842
4841	4842
4841	4843
4842	4843
4842	4844
4844	4845
4844	4846
4846	4847
4847	4849
4850	4851
4850	4852
4851	4853
4852	4853
4852	4854
4853	4854
4853	4855
4854	4856
4856	4857
4858	4860
4859	4860
4859	4861
4861	4863
4862	4864
4863	4864
4864	4865
4864	4866
4865	4866
4865	4867
4866	4868
4867	4868
4867	4885
4868	4869
4869	4871
4870	4871
4871	4873
4875	4876
4877	4878
4878	4879
4879	4881
4880	4881
4882	4883
4883	4884
4883	4885
4884	4885
4884	4886
4885	4886
4887	4888
4887	4889
4888	4890
4888	4973
4889	4890
4889	4891
4891	4892
4891	4893
4892	4893
4894	4895
4894	4896
4899	4901
4900	4902
4902	4904
4903	4905
4904	4905
4905	4907
4906	4908
4907	4908
4907	4909
4908	4909
4909	4910
4909	4911
4910	4911
4910	4912
4911	4912
4912	4914
4914	4915
4914	4916
4916	4917
4916	4918
4920	4922
4922	4923
4923	4938
4924	4925
4925	4926
4926	4927
4927	4928
4928	4930
4929	4931
4930	4932
4931	4932
4931	4933
4932	4933
4932	4934
4933	4935
4934	4935
4934	4936
4935	4936
4936	4937
4937	4939
4938	4940
4939	4941
4940	4941
4941	4943
4944	4945
4945	4947
4948	4949
4948	4950
4949	4950
4950	4951
4950	4952
4951	4952
4953	4954
4954	4956
4955	4956
4955	4957
4956	4958
4957	4958
4958	4959
4959	4960
4959	4961
4961	4962
4962	4963
4963	4964
4964	4965
4964	4966
4966	4967
4968	4970
4973	4974
4974	4975
4975	4977
4976	4977
4977	4978
4977	4979
4978	4979
4978	4980
4979	4981
4980	4982
4981	4982
4981	4983
4982	4983
4983	4985
4984	4985
4985	4987
4987	4988
4987	4989
4988	4989
4990	4991
4991	4992
4991	4993
4992	4994
4993	4994
4993	4995
4994	4995
4994	4996
4995	4996
4996	4998
4997	4998
4998	4999
